Species_name	A1	A2	A3	A5	A6	A7	A8	A9	B2	B3	B4	B5	B6	B7	B8	BL	BL	BL	BL	BL	BL	BL	C1	C2	C3	C4	C6	C7	C8	C9	D1	D2	D5	D6	D7	D8	E1	E2	E5	E6	E8	F1	F2	F3	F4	F5	F6	F7	F8	F9	G1	G3	G4	G5	G7	G8	H1	H2	H3	H4	H5	H6	H7	H8	H9	I1	I6	I8	I9	J1	J2	J3	J4	J5	J6	J7	J8	J9
s__Actinomyces_graevenitzii	1.11364	0.86225	4.30504	15.530710000000001	4.20316	2.44151	3.51874	1.1498899999999999	0.0	0.0	0.0	0.0	0.24199	0.0	0.0	0.0	0.0	0.0	0.0	0.0	0.0	0.0	0.0	0.0	0.0	0.0	0.0	0.0	0.0	0.0	0.6511399999999999	0.01195	0.0	0.9888600000000001	0.19385	0.0	1.25401	0.58597	0.07855	0.0	0.0	0.0	0.0	0.0	0.0	0.0	0.0	0.0	0.0	0.0	0.0	0.5784	0.63441	1.1548200000000002	0.07407000000000001	0.0	0.15027000000000001	0.0	0.0	1.3593	0.0	0.40252	0.09047000000000001	0.0	1.9096099999999998	0.0	0.0	0.0	0.0	0.38045999999999996	2.19308	0.80703	1.32318	0.89402	0.28452	0.71043	0.50575	0.042960000000000005
s__Actinomyces_johnsonii	0.0	0.0	0.0	0.0	0.0	0.0	0.0	0.0	0.045810000000000003	0.0	0.0	0.0	0.0	0.0	0.0	0.0	0.0	0.0	0.0	0.0	0.0	0.0	0.0	0.0	0.0	0.0	0.0	0.0	0.0	0.0	0.0	0.0	0.0	0.0	0.0	0.0	0.0	0.0	0.0	0.0	0.0	0.0	0.0	0.0	0.0	0.0	0.0	0.0	0.0	0.0	0.0	0.0	0.0	0.0	0.0	0.0	0.0	0.0	0.0	0.0	0.0	0.0	0.0	0.0	0.0	0.0	0.0	0.0	0.0	0.0	1.1249	0.0	0.14824	0.04301	0.01463	0.0	0.0	0.0
s__Actinomyces_massiliensis	0.0	0.0	0.0	0.0	0.0	0.0	0.0	0.0	0.0	0.0	0.0	0.0	0.0	0.0	0.0	0.0	0.0	0.0	0.0	0.0	0.0	0.0	0.0	0.0	0.0	0.0	0.0	0.0	0.0	0.0	0.0	0.0	0.0	0.0	0.0	0.0	0.0	0.0	0.0	0.0	0.0	0.0	0.0	0.0	0.0	0.0	0.0	0.0	0.0	0.0	0.0	0.0	0.0	0.0	0.0	0.0	0.0	0.0	0.0	0.0	0.0	0.0	0.0	0.0	0.0	0.0	0.0	0.0	0.0	0.0	0.24672	0.0	0.0	0.0	0.0	0.0	0.0	0.0
s__Actinomyces_naeslundii	0.0	0.0	0.0	0.0	0.0	0.0	0.0	0.0	0.0	0.0	0.0	0.0	0.0	0.0	0.0	0.0	0.0	0.0	0.0	0.0	0.0	0.0	0.0	0.0	0.0	0.0	0.0	0.0	0.0	0.0	0.0	0.0	0.0	0.0	0.0	0.0	0.0	0.0	0.0	0.0	0.0	0.0	0.0	0.0	0.0	0.0	0.0	0.0	0.0	0.0	0.0	0.0	0.0	0.0	0.19580999999999998	0.0	0.0	0.0	0.0	0.0	0.0	0.0	0.0	0.0	0.0	0.0	0.0	0.0	0.0	0.0	0.10525999999999999	0.0	0.0	0.11861	0.0	0.0	0.0	0.0
s__Actinomyces_odontolyticus	0.29315	0.0	0.18539	0.22887	0.20296	0.40618000000000004	0.8700100000000001	0.02545	0.13414	0.0	0.20302	0.17155	0.4159	0.0	0.0	0.0	0.0	0.0	0.0	0.0	0.0	0.0	0.038939999999999995	0.0	0.0	0.0	0.39561	0.0	0.0	0.09692	0.81758	0.8724200000000001	0.78586	0.20938	0.62863	0.0	0.05538	0.01462	0.0	0.0	0.0	0.28279	0.0	0.0	0.0	0.0	0.0	0.0	0.0	0.0	1.30815	0.0	0.0	0.5240199999999999	0.84515	0.64207	0.65353	0.0	3.85167	2.9574599999999998	0.77344	1.27952	0.6008399999999999	0.62543	0.0	0.0	0.0	0.0	0.0	0.24845	0.12190999999999999	0.28791	0.26015	0.8445600000000001	0.34731999999999996	0.04065	0.38421	0.0
s__Actinomyces_oris	0.0	0.0	0.0	0.0	0.0	0.0	0.0	0.0	0.0	0.0	0.0	0.0	0.0	0.0	0.0	0.0	0.0	0.0	0.0	0.0	0.0	0.0	0.0	0.0	0.0	0.0	0.0	0.0	0.0	0.0	0.0	0.0	0.0	0.0	0.0	0.0	0.0725	0.0	0.0	0.0	0.0	0.0	0.0	0.0	0.0	0.0	0.0	0.0	0.0	0.0	0.0	0.0	0.0	0.0	1.30113	0.04318	0.0	0.0	0.0	0.0	0.0	0.0	0.0	0.0	0.0	0.0	0.0	0.0	0.0	0.042210000000000004	0.92353	0.0	0.07072	0.09715	0.52847	0.15	0.08295	0.0
s__Actinomyces_sp_HPA0247	0.0	0.0	0.0	0.0	0.0	0.0	0.0	0.0	0.0	0.0	0.0	0.0	0.0	0.0	0.0	0.0	0.0	0.0	0.0	0.0	0.0	0.0	0.0	0.0	0.0	0.0	0.0	0.0	0.0	0.0	0.0	0.0	0.0	0.0	0.0	0.0	0.0	0.0	0.0	0.0	0.0	0.0	0.0	0.0	0.0	0.0	0.0	0.0	0.0	0.0	0.0	0.0	0.0	0.0	0.0	0.0	0.0	0.0	0.0	0.0	0.0	0.0	0.0	0.0	0.0	0.0	0.0	0.0	0.0	0.0	0.0	1.82917	2.61076	0.0	0.0	0.0	0.0	0.0
s__Actinomyces_sp_ICM47	0.0	0.0	0.0	0.0	0.0	0.0	0.0	0.0	0.0	0.0	0.0	0.0	0.0	0.0	0.0	0.0	0.0	0.0	0.0	0.0	0.0	0.0	0.0	0.0	0.0	0.0	0.0	0.0	0.0	0.0	0.0	0.0	0.0	0.0	0.0	0.0	0.0	0.0	0.0	0.0	0.0	0.0	0.0	0.0	0.0	0.0	0.0	0.0	0.0	0.0	0.0	0.0	0.0	0.0	0.0	0.0	0.0	0.0	0.0	0.0	0.0	0.0	0.0	0.0	0.0	0.0	0.0	0.0	0.0	0.0	4.68159	0.0	5.87514	8.652999999999999	0.0	0.0	0.0	0.0
s__Actinomyces_viscosus	0.0	0.0	0.0	0.0	0.0	0.0	0.0	0.0	0.0	0.0	0.0	0.0	0.0	0.0	0.0	0.0	0.0	0.0	0.0	0.0	0.0	0.0	0.10377	0.0	0.0	0.0	0.0	0.0	0.0	0.0	0.02513	0.0	0.0	0.0	0.0	0.0	0.02423	0.0	0.0	0.0	0.0	0.0	0.0	0.0	0.0	0.0	0.0	0.0	0.0	0.0	0.0	0.0	0.0	0.0	1.40578	0.27019	0.055479999999999995	0.0	0.0	0.0	0.0	0.09017	0.0	0.05075	0.0	0.0	0.0	0.0	0.0	0.03575	0.70753	0.03978	0.033319999999999995	0.19955	0.66576	0.43276000000000003	0.22746999999999998	0.0
s__Corynebacterium_durum	0.0	0.0	0.0	0.0	0.0	0.0	0.0	0.0	0.0	0.0	0.0	0.013040000000000001	0.0	0.0	0.0	0.0	0.0	0.0	0.0	0.0	0.0	0.0	0.0	0.0	0.0	0.0	0.0	0.0	0.0	0.0	0.0	0.0	0.0	0.0	0.0	0.0	0.0	0.0	0.0	0.0	0.0	0.1409	0.0	0.0	0.0	0.0	0.0	0.0	0.0	0.0	0.0	0.0	0.0	0.0	0.0	0.0	0.0	0.0	0.0	0.0	0.0	0.08016000000000001	0.0	0.0	0.0	0.0	0.0	0.0	0.0	0.0	0.0	0.0	0.0	0.00662	0.0	0.0	0.12070999999999998	0.0
s__Corynebacterium_matruchotii	0.0	0.0	0.0	0.0	0.0	0.0	0.0	0.0	0.0	0.0	0.0	0.08513	0.0	0.0	0.0	0.0	0.0	0.0	0.0	0.0	0.0	0.0	0.0	0.0	0.0	0.0	0.0	0.0	0.0	0.0	0.0	0.0	0.0	0.0	0.0	0.0	0.0	0.0	0.0	0.0	0.0	0.0	0.0	0.0	0.0	0.0	0.0	0.0	0.0	0.0	0.0	0.0	0.0	0.0	0.14895999999999998	0.0	0.04905	0.0	0.0	0.0	0.0	0.0	0.0	0.22305	0.0	0.0	0.0	0.0	0.0	0.0	1.13818	0.0643	0.0	0.0	0.0	0.0	0.0	7.6003300000000005
s__Rothia_aeria	0.0	0.0	0.0891	2.70238	0.26371999999999995	1.30188	1.02629	0.0	0.16063	3.51914	1.9932	2.1888400000000003	1.01417	3.22916	8.76447	0.0	0.0	0.0	0.0	0.0	0.0	0.0	0.8751700000000001	0.0	10.24318	29.260890000000003	4.03223	5.4111400000000005	0.0	0.39671999999999996	0.86479	0.0	0.0	1.8458599999999998	2.6107299999999998	0.0	0.6763399999999999	0.2725	10.71301	7.44022	12.5286	2.83225	0.0	23.71268	0.03379	35.347809999999996	9.3795	56.56913	13.08257	2.78913	0.26736	0.0	0.0	0.0	1.23553	0.31375	0.28413	0.0	4.04332	2.64515	14.028920000000001	2.9245099999999997	5.37407	2.81403	19.78342	0.29205	0.0	3.22552	0.0	0.07976	0.43196999999999997	0.258	0.32473	1.7126599999999998	3.8229	3.04445	3.6452400000000003	0.0
s__Rothia_dentocariosa	0.11398	0.0	0.02076	0.16080999999999998	0.13935999999999998	0.27644	0.9765	0.0	0.0	0.052129999999999996	0.8355799999999999	0.17663	0.11213	0.80772	0.0	0.0	0.0	0.0	0.0	0.0	0.0	0.0	0.0	0.0	0.0	0.58845	1.7445	0.0	0.0	0.0	0.12204000000000001	0.0	0.0	0.32605	0.0	0.0	0.91743	0.50052	10.80304	5.40573	17.30845	0.23531999999999997	0.0	0.19979	0.0	2.7753799999999997	0.27886	0.46785	1.8281900000000002	0.0	1.63689	0.0	3.49208	3.8300099999999997	9.05189	1.8611	0.93655	0.0	1.40963	1.0636700000000001	8.83352	6.7147	2.74822	0.33905	4.35294	0.79595	19.16338	8.58195	0.0	0.052329999999999995	0.12997	0.16259	0.04603	0.73785	0.4468	0.3305	1.19055	0.0
s__Rothia_mucilaginosa	0.33316999999999997	0.0	0.6047	0.8243	1.88343	1.13227	1.19841	0.47272	9.30157	9.33929	6.49514	18.99502	9.115110000000001	7.233110000000001	0.0	0.0	0.0	0.0	0.0	0.0	0.0	0.0	1.1604299999999999	0.0	0.0	2.9053	13.88536	4.7026	43.29378	1.3333	3.0655099999999997	10.59849	5.6578800000000005	2.0524	3.6897599999999997	10.67784	3.16119	2.2008	10.2232	8.39286	4.6193	3.5878699999999997	1.48892	9.3279	2.90273	3.0196400000000003	5.70529	1.2051100000000001	1.1009799999999998	0.66028	1.89592	1.72537	3.10046	2.29588	11.56343	5.5786	4.16041	3.63161	7.11609	10.0502	13.025910000000001	8.64149	20.36197	23.7963	6.299580000000001	1.04295	18.788520000000002	3.7846900000000003	0.0	1.43989	12.9577	16.110120000000002	19.316010000000002	17.138070000000003	9.93876	14.53418	12.405489999999999	2.4777299999999998
s__Rothia_unclassified	0.0	0.0	0.0	0.0	0.0	0.0	0.0	0.0	0.0	0.0	0.0	0.0	0.0	0.0	0.0	0.0	0.0	0.0	0.0	0.0	0.0	0.0	0.0	0.0	6.32491	0.0	0.0	0.0	0.0	0.0	0.0	0.0	0.0	0.0	0.0	0.0	0.0	0.0	0.0	0.0	0.0	0.0	0.5665100000000001	0.0	0.0	0.0	0.0	0.0	0.0	0.0	0.0	0.0	0.0	0.0	0.0	0.0	0.0	0.0	0.0	0.0	0.0	0.0	0.0	0.0	0.0	0.0	0.0	0.0	0.0	0.0	0.0	0.0	0.0	0.0	0.0	0.0	0.0	0.0
s__Propionibacterium_propionicum	0.0	0.0	0.0	0.0	0.0	0.0	0.0	0.0	0.27495	0.0	0.0	0.03173	0.0	0.0	0.0	0.0	0.0	0.0	0.0	0.0	0.0	0.0	0.0	0.0	0.0	0.0	0.0	0.0	0.0	0.0	0.10290999999999999	0.0	0.0	0.0	0.0	0.0	0.0	0.0	0.0	0.0	0.0	0.08195	0.0	0.0	0.0	0.0	0.0	0.0	0.0	0.0	0.0	0.0	0.0	0.0	0.0	0.01671	0.0	0.0	0.0	0.0	0.0	0.0	0.0	0.0	0.0	0.0	0.0	0.0	0.0	0.0	0.0	0.0	0.0	0.0	0.0	0.0	0.0	0.0
s__Alloscardovia_omnicolens	0.0	0.0	0.0	0.0	0.0	0.0	0.0	0.0	0.0	0.0	0.0	0.0	0.0	0.0	0.0	0.0	0.0	0.0	0.0	0.0	0.0	0.0	0.0	0.0	0.0	0.0	0.0	0.0	0.0	0.0	0.0	0.0	0.0	0.0	0.0	0.0	0.05335	0.0	0.0	0.0	0.0	0.0	0.0	0.0	0.0	0.0	0.0	0.0	0.0	0.0	0.0	0.0	0.0	0.0	0.0	0.0	0.0	0.0	0.0	0.0	0.0	0.0	0.0	0.0	0.0	0.0	0.0	0.0	0.0	0.0	0.0	0.0	0.0	0.0	0.0	0.0	0.0	0.0
s__Scardovia_unclassified	0.0	0.0	0.0	0.0	0.0	0.0	0.0	0.0	0.0	0.0	0.0	0.0	0.0	0.0	0.0	0.0	0.0	0.0	0.0	0.0	0.0	0.0	0.02454	0.0	0.0	0.0	0.0	0.0	0.0	0.0	0.0	0.0	0.0	0.0	0.0	0.0	0.0	0.0	0.0	0.0	0.0	0.0	0.0	0.0	0.0	0.0	0.0	0.0	0.0	0.0	0.0	0.0	0.0	0.0	0.0	0.0	0.0	0.0	0.0	0.0	0.0	0.0	0.0	0.0	0.0	0.0	0.0	0.0	0.0	0.0	0.0	0.05875	0.0	0.06797	0.0	0.0	0.01991	0.58783
s__Scardovia_wiggsiae	0.0	0.0	0.0	0.0	0.0	0.0	0.0	0.0	0.0	0.0	0.0	0.0	0.0	0.0	0.0	0.0	0.0	0.0	0.0	0.0	0.0	0.0	0.16274	0.0	0.0	0.0	0.0	0.0	0.0	0.08645	0.026860000000000002	0.0	0.0	0.0	0.0	0.0	0.0	0.0	0.0	0.0	0.0	0.0	0.0	0.0	0.0	0.0	0.0	0.0	0.0	0.0	0.0	0.0	0.0	0.0	0.04358	0.94821	0.0	0.0	0.0	0.0	0.0	0.0	0.0	0.0	0.0	0.0	0.0	0.0	0.0	0.61568	0.83509	0.01347	0.0574	0.0	0.62992	0.0	0.09287000000000001	2.76523
s__Atopobium_parvulum	0.04297	0.0	0.08953	0.0	0.0	0.00898	0.0	0.0	0.0	0.0	0.0	0.012159999999999999	0.11982000000000001	0.0	0.0	0.0	0.0	0.0	0.0	0.0	0.0	0.0	0.22901999999999997	0.0	0.0	0.0	0.10232999999999999	0.0	0.0	0.0	0.2829	0.2185	0.0	0.29081	0.21106999999999998	0.0	0.5312399999999999	0.3416	0.11257	0.0	0.0	0.00375	0.0	0.0	0.0	0.0	0.0	0.0	0.0	0.0	0.29041	0.97624	1.03617	1.1321700000000001	0.28463	0.01157	0.24731	0.0	0.0	0.5152899999999999	0.0	0.06632	0.03642	1.4748700000000001	0.0	0.49625	0.0	0.0	0.0	0.36555	1.05987	0.46073000000000003	0.77162	0.27187	0.15569000000000002	0.40278	0.41708999999999996	0.72668
s__Atopobium_rimae	0.0	0.0	0.00399	0.0	0.0	0.0	0.0	0.0	0.0	0.0	0.0	0.01895	0.0	0.0	0.0	0.0	0.0	0.0	0.0	0.0	0.0	0.0	0.0	0.0	0.0	0.0	0.0	0.0	0.0	0.0	0.01925	0.0	0.0	0.0	0.0	0.0	0.013090000000000001	0.0	0.0	0.0	0.0	0.0	0.0	0.0	0.0	0.0	0.0	0.0	0.0	0.0	0.13605	0.25049	0.0	0.0	0.29191	4.4843	0.0	0.0	0.0	0.0	0.0	0.0	0.0	0.00662	0.0	0.0	0.0	0.0	0.0	0.0	0.11646	0.0	0.0	0.0	0.0	0.0	0.0	0.0
s__Olsenella_uli	0.0	0.0	0.0	0.0	0.0	0.0	0.0	0.0	0.0	0.0	0.0	0.0	0.0	0.0	0.0	0.0	0.0	0.0	0.0	0.0	0.0	0.0	0.0	0.0	0.0	0.0	0.0	0.0	0.0	0.0	0.0	0.0	0.0	0.0	0.0	0.0	0.0	0.0	0.0	0.0	0.0	0.0	0.0	0.0	0.0	0.0	0.0	0.0	0.0	0.0	0.0	0.0	0.0	0.0	0.0	0.05875	0.0	0.0	0.0	0.0	0.0	0.0	0.0	0.0	0.0	0.0	0.0	0.0	0.0	0.0	0.0	0.0	0.0	0.0	0.0	0.0	0.0	0.0
s__Bacteroidetes_oral_taxon_274	0.00554	0.0	0.11994	0.0	0.0	0.0	0.0	0.0	0.0	0.0	0.0	0.0314	0.0	0.0	0.0	0.0	0.0	0.0	0.0	0.0	0.0	0.0	0.28753	0.0	0.0	0.0	0.08466	0.0	0.0	0.0	0.02949	0.0	0.0	0.0	0.0	0.0	0.0	0.0	0.0	0.0	0.0	0.0	0.0	0.0	0.0	0.0	0.0	0.0	0.0	0.0	0.0	0.0	0.0	0.0	0.0	0.0	0.56317	0.0	2.42657	5.63016	0.58795	0.92025	1.3135	1.3494700000000002	0.0	0.0	0.0	0.0	0.0	0.0	0.29855	0.20692	0.12983	0.26032	0.09013	0.0	0.07872	0.42849
s__Parabacteroides_merdae	0.0	0.0	0.0	0.0	0.0	0.0	0.0	0.0	0.0	0.0	0.0	0.0	0.0	0.0	0.0	0.0	0.0	0.0	0.0	0.0	0.0	0.0	0.0	0.0	0.0	0.0	0.0	0.0	0.0	0.0	0.0	0.0	0.0	0.0	0.0	0.0	0.0	0.0	0.0	0.0	0.0	0.0	0.0	0.0	0.0	0.0	0.0	0.0	0.0	0.0	0.0	0.0	0.0	0.0	0.0	0.0	0.0	0.0	0.0	0.0	0.0	0.0	0.0	0.0	0.0	0.0	0.0	0.0	0.0	0.0	0.0	0.0	0.0	0.0	0.0	0.0	3.83965	0.0
s__Porphyromonas_catoniae	0.48441000000000006	0.15917	0.08499	0.13801	0.0839	0.11325999999999999	0.15469000000000002	0.0	2.07365	0.51967	0.06514	0.20048	0.09007000000000001	0.0	0.0	0.0	0.0	0.0	0.0	0.0	0.0	0.0	0.0	0.0	0.0	0.0	0.0	0.0	0.0	0.0	1.13019	0.84326	0.25737	0.78285	0.65079	12.41991	0.32389	0.07652	0.47501000000000004	0.0	0.0	1.87677	7.12326	1.12004	0.55004	1.3296	0.74997	0.79183	1.01326	25.00564	0.52146	0.0	0.0	0.0	0.055170000000000004	0.17012	0.15647	0.0	0.0	0.0	0.0	0.05511	0.11362	0.02339	0.0	0.0	0.0	0.0	0.0	0.0	0.0	0.0	0.0	0.0	0.0	0.0	0.0	0.0
s__Porphyromonas_endodontalis	0.2269	1.11731	0.48806000000000005	0.01913	0.07401	0.05222	0.03878	0.0	0.0	0.0	0.0	0.0	0.0	0.0	0.0	0.0	0.0	0.0	0.0	0.0	0.0	0.0	0.0	0.0	0.0	0.0	0.77727	0.0	0.0	0.0	0.41213999999999995	0.13007	1.61566	0.5492100000000001	0.0	0.0	0.08479	0.01651	0.0	0.0	0.0	0.0	0.0	0.0	0.0	0.0	0.0	0.0	0.0	0.0	0.94635	3.95298	1.4886700000000002	3.4346	0.89484	0.3954	0.0	0.0	0.0	0.10474000000000001	0.0	0.0	0.01725	0.10024	0.0	0.0	0.0	0.0	0.0	0.0	0.0	0.0	0.0	0.0	0.0	0.0	0.0	0.0
s__Porphyromonas_gingivalis	0.0	0.63013	0.02967	0.0	0.0	0.0	0.0	0.00943	0.0	0.0	0.0	0.0	0.0	0.0	0.0	0.0	0.0	0.0	0.0	0.0	0.0	0.0	0.0	0.0	0.0	0.0	0.0	0.0	0.0	0.0	0.0	0.0	0.0	0.0	0.0	0.0	0.0	0.0	0.0	0.0	0.0	0.0	0.0	0.0	0.0	0.0	0.0	0.0	0.0	0.0	2.0094	17.38138	16.015929999999997	29.50507	2.48667	2.1728400000000003	0.0	0.0	0.0	0.0	0.0	0.0	0.0	0.0	0.0	0.0	0.0	0.0	0.0	0.0	0.0	0.0	0.0	0.0	0.0	0.0	0.0	0.0
s__Porphyromonas_sp_oral_taxon_279	29.10472	24.91327	27.170370000000002	24.775389999999998	26.183870000000002	23.40511	18.89941	16.7868	0.0	0.0	7.55535	7.927410000000001	17.76763	0.0	0.0	0.0	0.0	0.0	0.0	0.0	0.0	0.0	11.96155	0.0	0.0	0.0	18.6724	0.0	0.0	5.65337	12.35763	4.926419999999999	0.0	0.0	0.0	0.0	5.32592	1.8386099999999999	0.0	0.0	0.0	10.33948	16.420579999999998	0.0	9.74015	0.0	4.433330000000001	0.0	0.0	0.0	0.0	0.0	0.0	0.0	0.0	0.0	5.75632	0.0	0.0	0.0	0.0	0.0	0.0	0.0	0.0	11.32387	0.0	0.0	0.0	1.57645	0.0	3.4192400000000003	1.21443	3.05153	0.0	0.0	2.10249	0.0
s__Tannerella_forsythia	0.0	0.0	0.05055	0.0	0.0	0.0	0.0	0.0	0.0	0.0	0.0	0.0	0.0	0.0	0.0	0.0	0.0	0.0	0.0	0.0	0.0	0.0	0.0	0.0	0.0	0.0	0.0	0.0	0.0	0.0	0.0	0.0	0.0	0.0	0.0	0.0	0.0	0.0	0.0	0.0	0.0	0.0	0.0	0.0	0.0	0.0	0.0	0.0	0.0	0.0	0.09506	2.65626	1.7812400000000002	6.0290099999999995	0.54588	0.19116	0.00705	0.0	0.0	0.25928	0.0	0.00863	0.17162	0.06758	0.0	0.0	0.0	0.0	0.0	0.0	0.0	0.0	0.0	0.0	0.0	0.0	0.0	0.0
s__Alloprevotella_rava	0.0	0.0	0.0	0.0	0.0	0.0	0.0	0.0	0.0	0.0	0.0	0.0	0.0	0.0	0.0	0.0	0.0	0.0	0.0	0.0	0.0	0.0	0.0	0.0	0.0	0.0	0.0	0.0	0.0	0.0	0.0	0.0	0.0	0.0	0.0	0.0	0.08765	0.0029100000000000003	0.0	0.0	0.0	0.0	0.41791000000000006	0.0	0.0	0.0	0.0	0.0	0.0	0.0	0.0	0.1307	0.0	0.0	0.0	0.04761	0.03032	0.0	0.0	0.96705	0.0	0.0	0.04994	0.0	0.0	0.0	0.0	0.0	0.0	0.0	0.0	0.0	0.0	0.0	0.0	0.0	0.0	0.0
s__Alloprevotella_tannerae	0.38409	8.0833	0.07048	0.01857	0.0	0.0502	0.0	0.67865	0.0	0.0	0.0	0.0	0.0	0.0	0.0	0.0	0.0	0.0	0.0	0.0	0.0	0.0	0.0	0.0	0.0	0.0	0.0	0.0	0.0	0.0	0.1064	0.45231000000000005	0.8114600000000001	0.57901	0.0	0.0	0.0553	0.0	0.0	0.0	0.0	0.11918	1.29325	0.0	12.021939999999999	0.0	1.60721	0.0	0.0	0.0	0.0	2.011	4.11076	0.67575	0.6586	0.75152	0.0	0.0	0.0	0.68483	0.0	0.0	0.28742	1.45831	0.0	0.0	0.0	0.0	0.0	0.0	0.0	0.0	0.0	0.0	0.0	0.0	0.0	0.0
s__Alloprevotella_unclassified	0.05697000000000001	0.0	0.06279	0.43413999999999997	0.1232	0.16569	0.24355	0.07195	0.90204	0.0	0.0	0.03762	0.21372	1.22601	0.0	0.0	0.0	0.0	0.0	0.0	0.0	0.0	0.0	0.0	0.0	0.0	0.05971	0.0	0.0	0.0	0.7644	1.38845	5.64715	6.44679	0.66793	17.04239	0.05189	0.1164	0.0	0.0	0.0	0.16695	0.0	0.0	0.0	0.0	0.0	0.63765	0.0	0.0	1.01315	1.01793	0.018080000000000002	1.01016	0.0	0.0	0.16938	0.0	0.0	0.39055	0.0	0.16147	0.12282	0.0	0.0	0.0	0.0	1.29461	0.0	0.0	0.05001	0.0	0.0	0.0	0.0784	0.0	0.0	0.0
s__Candidatus_Prevotella_conceptionensis	0.0	1.38666	0.06489	0.11694	0.0	0.0	0.0	0.09108	0.0	0.0	0.0	0.015569999999999999	0.0	0.0	0.0	0.0	0.0	0.0	0.0	0.0	0.0	0.0	0.0	0.0	0.0	0.0	0.0	0.0	0.0	0.0	0.0	0.0	0.0	0.0	0.0	0.0	0.0	0.0	0.0	0.0	0.0	0.0	0.0	0.0	0.0	0.0	0.0	0.0	0.0	0.0	0.0	0.0	0.0	0.0	0.0	0.0	0.0	0.0	0.0	0.0	0.0	0.08261	0.0	0.23517	0.0	0.0	0.0	0.0	0.0	0.0	0.47645	0.0	0.0	0.0	0.0	0.0	0.0	0.0
s__Prevotella_buccae	0.0	0.50764	0.0	0.0	0.0	0.0	0.0	0.0	0.34941	0.0	0.0	0.0	0.0	0.0	0.0	0.0	0.0	0.0	0.0	0.0	0.0	0.0	0.0	0.0	0.0	0.0	0.0	0.0	0.0	0.0	0.0	0.11647	0.0	0.04765	0.0	0.0	0.0	0.0	0.0	0.0	0.0	0.0	1.07649	0.0	0.0	0.0	0.0	0.0	0.0	0.0	0.0	0.11112000000000001	0.0	0.0	0.0	0.29706	0.0	0.0	0.0	0.13906	0.0	0.0	0.0	0.53204	0.0	0.0	0.0	0.0	0.0	0.0	0.0	0.0	0.0	0.0	0.0	0.0	0.0	0.0
s__Prevotella_denticola	0.0	0.0	0.0	0.0	0.0	0.0	0.0	0.0	0.43693999999999994	0.0	0.0	0.05457000000000001	0.0	0.0	0.0	0.0	0.0	0.0	0.0	0.0	0.0	0.0	0.46206	0.0	0.0	0.0	0.0	0.0	0.0	0.00945	0.44747	1.19412	0.0	0.0	0.0822	0.0	0.21518	0.16726	0.0	0.0	0.0	0.0	0.0	0.0	0.0	0.0	0.0	0.0	0.0	0.0	0.42216000000000004	0.9474299999999999	0.0	0.0	0.05165	1.77157	0.0476	0.0	0.0	0.0	0.0	0.0	0.0	1.53955	0.0	0.0	0.0	0.0	0.0	0.0	0.0	0.0	0.0	0.0	0.0	0.0	0.0	0.0
s__Prevotella_histicola	0.56284	0.0	0.38771	0.17579	0.13652	0.27565	0.26244	0.2606	0.0	0.0	0.0	0.0	0.14653	0.0	0.0	0.0	0.0	0.0	0.0	0.0	0.0	0.0	0.40615999999999997	0.0	0.0	0.0	1.7179799999999998	0.0	0.0	0.93491	0.42688000000000004	4.679180000000001	0.0	0.42408	0.1741	0.0	8.21096	6.1052	3.8856900000000003	0.0	0.0	0.0	0.0	0.0	0.0	0.0	0.0	0.0	0.0	0.0	0.58643	1.9856900000000002	1.11494	2.08766	1.27877	0.18705	0.8053100000000001	0.0	0.0	0.16558	0.0	0.0	0.10747000000000001	0.08434	0.0	5.69653	0.0	2.46522	0.0	0.7126	1.35058	0.70773	0.98216	0.20565	0.14025	1.01544	1.61205	1.31566
s__Prevotella_intermedia	0.19518	0.0	0.02611	0.0	0.0	0.0	0.0	0.0	0.0	0.0	0.0	0.0	0.0	0.0	0.0	0.0	0.0	0.0	0.0	0.0	0.0	0.0	0.0	0.0	0.0	0.0	0.0	0.0	0.0	0.0	0.01242	0.0	0.0	0.0	0.0	0.0	0.0	0.0	0.0	0.0	0.0	0.0	0.0	0.0	0.0	0.0	0.0	0.0	0.0	0.0	0.0	0.0	0.0	0.0	0.11	0.41312	0.0	0.0	0.0	0.0	0.0	0.0	0.0	0.0	0.0	0.0	0.0	0.0	0.0	0.00762	0.0	0.0	0.020380000000000002	0.0	0.0	0.0	0.0	0.0
s__Prevotella_loescheii	0.05008	2.1391299999999998	0.03119	0.08519	0.0	0.15753	0.0	0.0	0.0	0.0	0.0	0.0193	0.0	0.0	0.0	0.0	0.0	0.0	0.0	0.0	0.0	0.0	0.09005	0.0	0.0	0.0	0.0	0.0	0.0	0.36191999999999996	0.03776	0.1826	0.0	0.0	0.08148999999999999	0.0	0.026969999999999997	0.0	0.0	0.0	0.0	0.0	0.0	0.0	0.0	0.0	0.0	0.0	0.0	0.0	0.0	0.0	0.0	0.0	0.0	0.0	0.0	0.0	0.0	0.0	0.0	0.0	0.0	0.0	0.0	0.0	0.0	0.0	0.0	0.0	0.0	0.0	0.0	0.0	0.0	0.0	0.0	0.0
s__Prevotella_maculosa	0.0	0.0	0.00673	0.0	0.0	0.0	0.0	0.0	0.0	0.0	0.0	0.0	0.0	0.0	0.0	0.0	0.0	0.0	0.0	0.0	0.0	0.0	0.0	0.0	0.0	0.0	0.0	0.0	0.0	0.0	0.0	0.0	0.0	0.0	0.0	0.0	0.004520000000000001	0.0	0.0	0.0	0.0	0.0	0.0	0.0	0.0	0.0	0.0	0.0	0.0	0.0	0.0	0.0	0.0	0.0	0.0	0.0	0.02275	0.0	0.0	0.0	0.0	0.0	0.0	0.08964	0.0	0.0	0.0	0.0	0.0	0.0	0.0	0.0	0.0	0.0	0.0	0.0	0.0	0.0
s__Prevotella_melaninogenica	1.00552	0.12395	0.19003	0.0	0.05994	0.07627	0.02069	0.0	8.03407	2.74494	3.44454	1.9552	10.8785	6.68772	0.0	0.0	0.0	0.0	0.0	0.0	0.0	0.0	10.15802	0.0	0.6208600000000001	3.6667	6.692139999999999	0.20464000000000002	0.0	6.864089999999999	12.52961	18.762610000000002	3.2810699999999997	3.7486900000000003	6.42145	0.0	26.83884	18.2114	6.8723	4.56948	0.0	0.67883	0.71438	0.0	0.54088	0.0	0.11306	0.0	0.0	0.0	6.807169999999999	15.53241	19.28894	12.91792	5.84293	4.47193	5.94146	7.82027	8.64306	4.59641	0.8428899999999999	3.5250199999999996	3.63562	2.1701599999999996	2.7269200000000002	17.44797	7.2762199999999995	16.46869	0.0	25.58987	9.416789999999999	11.16108	14.5061	11.78688	6.21154	10.42596	13.0828	5.36463
s__Prevotella_nanceiensis	13.4226	8.189060000000001	2.5439700000000003	3.02886	2.0671	1.6556099999999998	2.30994	2.98008	0.49259	0.0	0.07597000000000001	0.15696	0.19032000000000002	0.0	0.0	0.0	0.0	0.0	0.0	0.0	0.0	0.0	2.98668	0.0	0.0	0.0	0.37814000000000003	0.0	0.0	3.9044	3.25465	2.92427	0.0	0.22646999999999998	1.18475	0.0	3.84035	1.11069	0.0	0.0	0.0	3.26963	5.86048	1.44326	6.965260000000001	0.79005	1.8859700000000001	0.0	0.34183	0.0	0.44464	0.0	0.0	0.0	0.0	0.27288	7.308860000000001	0.48935	2.76282	1.08012	0.0	0.68853	0.29538000000000003	0.16655	0.0	13.48494	0.0	0.0	0.0	2.7821	0.16652	0.36785999999999996	0.6321899999999999	0.34076	0.13534000000000002	0.0	0.24703000000000003	0.0
s__Prevotella_nigrescens	0.55456	4.66092	0.28916	0.0	0.0	0.01768	0.0	0.10708	0.75417	0.0	0.0	0.013640000000000001	0.055220000000000005	0.0	0.0	0.0	0.0	0.0	0.0	0.0	0.0	0.0	0.046669999999999996	0.0	0.0	0.0	0.00978	0.0	0.0	0.09917000000000001	1.3449200000000001	1.99691	6.02076	1.3401399999999999	3.13428	3.4196699999999995	0.16955	0.29882	0.07666	0.0	0.0	0.0	0.0	0.0	0.0	0.0	0.0	0.0	0.0	0.0	0.50157	1.34427	0.0	0.20761	0.36136999999999997	1.19156	0.01952	0.0	0.0	0.23314000000000001	0.0	0.0	0.0	0.40853	0.0	0.0	0.0	0.0	0.0	0.0	0.32373	0.0	0.07155	0.0	0.0	0.0	0.0	0.0
s__Prevotella_oralis	0.0	1.10201	0.0	0.0	0.0	0.0	0.0	0.0	0.0	0.0	0.0	0.0	0.0	0.0	0.0	0.0	0.0	0.0	0.0	0.0	0.0	0.0	0.0	0.0	0.0	0.0	0.0	0.0	0.0	0.0	0.0	0.0	0.0	0.0	0.0	0.0	0.0	0.02114	0.0	0.0	0.0	0.0	0.0	0.0	0.0	0.0	0.0	0.0	0.0	0.0	0.0358	0.28155	0.0	0.0	0.03557	0.02808	0.0	0.0	0.0	0.0	0.0	0.0	0.0	0.0	0.0	0.0	0.0	0.0	0.0	0.0	0.0	0.0	0.0	0.0	0.0	0.0	0.0	0.0
s__Prevotella_oris	0.07064	1.14898	0.10601	0.0	0.0	0.0	0.0	0.0	0.92251	0.0	0.0	0.15345999999999999	0.0	0.0	0.0	0.0	0.0	0.0	0.0	0.0	0.0	0.0	0.3886	0.0	0.0	0.0	0.1856	0.0	0.0	0.21856	0.5805899999999999	0.67602	0.0	0.9942200000000001	1.27459	0.0	0.21386	0.0904	0.0	0.0	0.0	0.0	0.0	0.0	0.0	0.0	0.0	0.0	0.0	0.0	0.54186	0.68383	0.0	0.0	0.23951999999999998	2.3931	0.36244	0.0	0.0	0.0	0.0	0.0	0.0	1.1266	0.0	0.0	0.0	0.0	0.0	0.27278	0.16125	0.0	0.0	0.0	0.0	0.0	0.0	0.0
s__Prevotella_oulorum	0.0	0.0	0.0	0.0	0.0	0.0	0.0	0.0	0.16775	0.0	0.0	0.0	0.0	0.0	0.0	0.0	0.0	0.0	0.0	0.0	0.0	0.0	0.07245	0.0	0.0	0.0	0.0	0.0	0.0	0.03009	0.01273	0.06104	0.0	0.0	0.0	0.0	0.68774	0.43722	0.81893	0.0	0.0	0.06026	2.08052	0.0	0.0	0.0	0.0	2.1287700000000003	0.0	0.0	0.0	0.0	0.0	0.0	0.0	0.0	0.04564	0.0	0.0	0.0	0.0	0.0	0.0	0.18907000000000002	0.0	0.0	0.0	0.0	0.0	0.0	0.0	0.0	0.0	0.0	0.0	0.0	0.0	0.0
s__Prevotella_pallens	3.8652300000000004	0.64731	0.51661	0.26471999999999996	0.0	0.24231999999999998	0.01917	0.19039	0.0	0.0	0.0	0.04784	0.33021	0.0	0.0	0.0	0.0	0.0	0.0	0.0	0.0	0.0	1.72232	0.0	0.0	0.0	0.35436999999999996	0.0	0.0	1.7302099999999998	0.83729	3.67391	0.0	0.04285	0.54501	0.0	1.4122299999999999	0.85116	0.0	0.0	0.0	0.0	0.0	0.0	0.0	0.0	0.0	0.0	0.0	0.0	0.35609	2.74568	0.0	0.0	0.19047	0.0	0.8065399999999999	0.0	0.0	2.08161	0.0	0.0	0.07443	0.09945	0.0	0.0	0.0	0.0	0.0	0.14029	0.14733	0.0	0.06037000000000001	0.0	0.0	0.0	0.044160000000000005	0.0
s__Prevotella_pleuritidis	0.78854	2.59996	0.42512	0.33986	0.11734000000000001	0.17587	0.34923000000000004	0.11076	0.0	0.0	0.0	0.0	0.0	0.0	0.0	0.0	0.0	0.0	0.0	0.0	0.0	0.0	0.0	0.0	0.0	0.0	0.0	0.0	0.0	0.0	0.0	0.0	0.0	0.0	0.0	0.0	0.07844	0.055720000000000006	0.9644	0.0	0.0	0.0	0.0	0.0	0.0	0.0	0.0	0.0	0.0	0.0	0.0	0.0	0.0	0.0	0.0	0.0	0.0	0.0	0.0	0.0	0.0	0.0	0.0	0.0	0.0	0.0	0.0	0.0	0.0	0.0	0.0	0.0	0.0	0.0	0.0	0.0	0.0	0.0
s__Prevotella_saccharolytica	0.0	0.0	0.00389	0.0	0.0	0.0	0.0	0.0	0.0	0.0	0.0	0.0	0.0	0.0	0.0	0.0	0.0	0.0	0.0	0.0	0.0	0.0	0.0	0.0	0.0	0.0	0.0	0.0	0.0	0.0	0.030739999999999996	0.0	0.0	0.0	0.0	0.0	0.0	0.0	0.0	0.0	0.0	0.0	0.0	0.0	0.0	0.0	0.0	0.0	0.0	0.0	0.0	0.0	0.0	0.0	0.0	0.0	0.0	0.0	0.0	0.0	0.0	0.0	0.0	0.0	0.0	0.0	0.0	0.0	0.0	0.0	0.0	0.0	0.0	0.0	0.0	0.0	0.0	0.0
s__Prevotella_salivae	0.14439000000000002	0.0	0.02719	0.0	0.0	0.0	0.0	0.0	0.0	0.0	0.0	0.00678	0.13508	0.0	0.0	0.0	0.0	0.0	0.0	0.0	0.0	0.0	0.09995	0.0	0.0	0.0	0.05202999999999999	0.0	0.0	0.25196	0.81434	5.5784400000000005	0.0	1.41642	0.99503	0.0	2.93523	1.65085	1.3943299999999998	0.0	0.0	0.0	0.0	0.0	0.0	0.0	0.0	0.0	0.0	0.0	0.24515	0.95506	0.0	0.0	0.04868	0.0	0.19747	0.0	0.0	0.15871	0.0	0.0	0.15835	0.22719	0.0	0.0	0.0	0.0	0.0	1.29246	1.53335	0.33175	1.31129	0.0	0.0	1.09715	0.9649399999999999	2.3831
s__Prevotella_veroralis	0.04242	0.0	0.015040000000000001	0.0	0.0	0.0	0.0	0.0	0.0	0.0	0.0	0.0	0.0	0.0	0.0	0.0	0.0	0.0	0.0	0.0	0.0	0.0	0.20995	0.0	0.0	0.0	0.0	0.0	0.0	0.13597	0.0	0.0	0.0	0.0	0.0	0.0	0.26283	0.13797	0.0	0.0	0.0	0.0	0.20489000000000002	0.0	0.0	0.0	0.0	0.0	0.0	0.0	0.97251	0.68433	0.0	0.26263000000000003	0.44647	2.64601	0.29488000000000003	0.0	0.0	0.0	0.0	0.0	0.02663	0.0	0.0	0.25175	0.0	0.0	0.0	0.45995	0.33968000000000004	0.014369999999999999	0.01926	0.06142	0.010329999999999999	0.9113100000000001	0.01835	2.9978700000000003
s__Capnocytophaga_gingivalis	0.20284000000000002	0.0	0.27063000000000004	0.0	0.25528	0.09066	0.1066	0.0	0.21136	0.0	0.0	0.07512	0.04059	0.0	0.0	0.0	0.0	0.0	0.0	0.0	0.0	0.0	0.50858	0.0	0.0	0.0	0.48507	0.09237999999999999	0.0	0.1338	0.15548	0.0	0.0	0.0	0.0	0.0	0.29741	0.0669	0.0	0.0	0.0	0.30979	0.0	0.0	0.26439	0.0	0.0	0.0	0.62778	0.0	0.0	0.0	0.0	0.0	0.0082	0.44583	0.04963	0.0	0.0	0.0	0.0	0.0113	0.0	0.0	0.0	0.0	0.0	0.0	0.0	0.0	0.06135	0.0	0.10720999999999999	0.0	0.0266	0.0	0.27686	0.0
s__Capnocytophaga_granulosa	0.0	0.0	0.07434	0.0	0.0	0.0	0.0	0.0	0.0	0.0	0.0	0.0	0.0	0.0	0.0	0.0	0.0	0.0	0.0	0.0	0.0	0.0	0.0	0.0	0.0	0.0	0.0	0.0	0.0	0.0	0.0	0.0	0.0	0.0	0.0	0.0	0.0	0.04654	0.0	0.0	0.0	0.0	0.0	0.0	0.0	0.0	0.0	0.0	0.0	0.0	0.0	0.0	0.0	0.0	0.0	0.0	0.10402	0.0	0.0	0.0	0.0	0.0	0.0	0.0	0.0	0.0	0.0	0.0	0.0	0.0	0.08868	0.0	0.02768	0.0	0.0	0.0	0.0	0.0
s__Capnocytophaga_ochracea	0.0	0.0	0.049	0.0	0.0	0.0	0.0	0.0	0.0	0.0	0.0	0.02187	0.0	0.0	0.0	0.0	0.0	0.0	0.0	0.0	0.0	0.0	0.0	0.0	0.0	0.0	0.0	0.0	0.0	0.0	0.05715	0.0	0.0	0.0	0.0	0.0	0.00793	0.0	0.0	0.0	0.0	0.02326	0.0	0.0	0.0	0.0	0.0	0.0	0.0	0.0	0.0	0.0	0.0	0.0	0.0	0.0	0.029419999999999998	0.0	0.0	0.0	0.0	0.0	0.0	0.0	0.0	0.0	0.0	0.0	0.0	0.0	0.0566	0.0	0.0	0.0	0.0	0.0	0.0	0.0
s__Capnocytophaga_unclassified	1.17311	3.05493	1.8541900000000002	0.34785	1.5916299999999999	0.93189	1.50492	1.7798	5.96397	3.8132300000000003	0.41486999999999996	0.9503	0.69375	1.22527	0.0	0.0	0.0	0.0	0.0	0.0	0.0	0.0	0.8248700000000001	0.0	0.0	0.0	0.4916	1.00586	0.0	0.22908	1.39206	1.9452599999999998	6.728160000000001	0.39108000000000004	0.6630699999999999	0.0	0.5442600000000001	0.32800999999999997	0.70894	0.0	0.0	3.11176	9.40829	4.90752	5.27669	4.65305	0.9914200000000001	2.546	1.35501	15.6006	1.09857	0.0	0.0	0.0	0.73847	3.8704699999999996	2.26992	0.0	0.0	2.49424	0.0	1.13594	0.40121	0.54488	0.0	0.0	0.0	2.01301	0.0	0.68445	1.01682	0.5380699999999999	0.6622	2.0062599999999997	2.56705	0.8217	1.51522	0.80571
s__candidate_division_TM7_single_cell_isolate_TM7b	0.0	0.0	0.0	0.0	0.0	0.0	0.0	0.0	0.0	0.0	0.0	0.05644	0.0	0.0	0.0	0.0	0.0	0.0	0.0	0.0	0.0	0.0	0.0	0.0	0.0	0.0	0.0	0.0	0.0	0.0	0.0	0.0	0.0	0.0	0.0	0.0	0.0	0.0	0.0	0.0	0.0	0.0	0.0	0.0	0.0	0.0	0.0	0.0	0.0	0.0	0.0	0.0	0.0	0.0	0.0	0.0	0.0	0.0	0.0	0.0	0.0	0.0	0.0	0.06317	0.0	0.0	0.0	0.0	0.0	0.0	0.0	0.0	0.0	0.0	0.0	0.0	0.0	0.0
s__candidate_division_TM7_single_cell_isolate_TM7c	0.021240000000000002	0.0	0.006540000000000001	0.0	0.0	0.0	0.0	0.0	0.0	0.0	0.0	0.07918	0.0	0.0	0.0	0.0	0.0	0.0	0.0	0.0	0.0	0.0	0.0	0.0	0.0	0.0	0.0	0.0	0.0	0.0	0.0	0.0	0.0	0.0	0.0	0.0	0.0	0.0	0.0	0.0	0.0	0.14549	0.37627	0.0	0.0	0.0	0.0	0.0	0.0	0.0	0.0	0.0	0.0	0.0	0.0	0.0	0.00757	0.0	0.0	0.0	0.0	0.0	0.0	0.12943	0.0	0.0	0.0	0.0	0.0	0.0	0.0	0.0	0.0	0.0	0.0	0.0	0.0	0.0
s__Gemella_haemolysans	0.86535	0.0	0.40521	0.45974	0.39044	0.28553	1.57905	0.0	0.2759	0.7330800000000001	2.65093	0.78995	0.42263999999999996	0.07679	0.0	0.0	0.0	0.0	0.0	0.0	0.0	0.0	1.60699	0.0	0.0	0.0	3.20705	1.85097	0.0	0.30630999999999997	2.52153	0.23315	0.5542600000000001	5.45633	2.86693	0.0	0.17694000000000001	0.21395	2.08929	0.0	2.7194	1.77066	0.0	2.50347	0.33843	3.1924900000000003	1.96032	5.6094599999999994	5.65086	0.0	0.28355	0.0	0.0	0.0	5.28578	1.44515	0.30118	0.0	0.0	0.0	0.0	0.76566	0.6127	0.17112	0.81334	0.7591100000000001	0.0	0.8962100000000001	0.0	0.42616000000000004	0.07277	0.20593000000000003	0.14044	0.80686	0.35489	0.33753	0.5714199999999999	0.0
s__Gemella_morbillorum	0.93348	0.0	0.28174	0.009340000000000001	0.16387000000000002	0.20348	0.6863	0.0	0.0	0.0	0.07291	0.11067	0.06846000000000001	0.0	0.0	0.0	0.0	0.0	0.0	0.0	0.0	0.0	0.05687999999999999	0.0	0.0	0.0	0.0	0.0	0.0	0.0	0.19749	0.0	0.0	0.0	0.0	0.0	0.04866	0.00479	0.0	0.0	0.0	0.23475	0.0	0.0	0.0	0.0	0.0	0.0	0.0	0.0	0.0	0.0	0.0	0.0	0.24850999999999998	0.01932	0.0	0.0	0.0	0.0	0.0	0.0	0.0	0.0	0.0	0.0	0.0	0.0	0.0	0.0	0.0	0.0	0.0	0.0	0.0	0.0	0.0	0.0
s__Gemella_sanguinis	3.2929	0.8796700000000001	4.144830000000001	1.10218	0.84304	1.1979600000000001	2.03923	0.03979	0.0	0.0	0.06931	0.33305	0.49993000000000004	0.24179	0.0	0.0	0.0	0.0	0.0	0.0	0.0	0.0	0.34376	0.0	0.0	0.0	0.83955	0.0	0.0	0.02671	1.40137	0.12159	0.0	0.0	0.0	0.0	0.49577	0.46053	0.40771	0.0	0.0	0.5024	0.0	0.0	0.0	0.0	0.72255	0.0	0.0	0.0	0.0	0.0	0.0	0.0	0.09523999999999999	0.0	1.4704700000000002	0.0	0.0	0.19608	0.0	0.28551	0.14755	0.29296	0.0	0.0	0.0	0.0	0.0	0.34294	0.17182999999999998	0.5170600000000001	0.17915	0.78769	0.07311000000000001	0.19616	0.73842	0.0
s__Gemella_unclassified	0.0	0.0	0.0	0.0	0.0	0.0	0.0	0.0	0.30328	0.94581	0.66147	0.01152	0.09039	1.56479	0.0	0.0	0.0	0.0	0.0	0.0	0.0	0.0	0.040139999999999995	0.0	0.0	0.0	0.59744	0.0	0.0	0.00545	0.52927	0.05587999999999999	0.76413	2.21665	1.28125	0.0	0.0	0.0	0.26904	0.0	0.6663899999999999	0.0	0.63152	1.12645	1.10697	2.42771	0.1756	0.0	0.0	0.0	0.09332	0.0	0.0	0.0	0.64649	0.31071	0.0	0.0	0.0	0.0	0.0	0.30861	0.06905	0.09114	0.54576	0.42306000000000005	0.0	0.25113	0.0	0.0	0.0	0.0	0.0	0.0	0.04509	0.13387000000000002	0.0036299999999999995	0.14264000000000002
s__Abiotrophia_defectiva	0.18065	0.0	0.09109	0.09617	0.11127999999999999	0.4668	1.07044	0.0	0.43545	1.59077	2.32151	0.95057	1.7485400000000002	0.4718	0.0	0.0	0.0	0.0	0.0	0.0	0.0	0.0	0.0	0.0	0.0	0.0	0.0	0.0	0.0	0.0	0.5364899999999999	0.0	0.0	0.0	0.0	0.0	0.0	0.0	0.0	0.0	0.0	0.5211399999999999	0.19648	0.0	0.0	0.08636	0.12694	0.0	1.53173	0.0	0.0	0.0	0.0	0.0	0.0	0.0	0.0	0.0	0.0	0.0	0.0	0.0	0.0	0.0	0.0	0.59563	0.0	0.0	0.0	0.0	0.0096	0.05486	0.1607	0.72504	0.8818	0.45381000000000005	1.3324	0.0
s__Granulicatella_adiacens	0.18738	0.0	0.22885999999999998	0.33111	0.43863	0.34224	1.81082	0.0	0.0	0.0	0.43013999999999997	0.21359	0.22960999999999998	0.0	0.0	0.0	0.0	0.0	0.0	0.0	0.0	0.0	0.28875	0.0	0.0	0.0	0.33182	0.0	0.0	0.0	0.51788	0.0	0.0	0.0	0.0	0.0	0.52032	0.18515	0.0	0.0	0.19059	0.76525	0.0	0.0	0.0	0.0	0.38190999999999997	0.0	0.21525	0.0	0.0	0.0	0.0	0.0	0.44566000000000006	0.24711	0.8670399999999999	0.0	0.0	0.0	0.0	0.60192	0.20295	0.13796	0.0	0.0	0.0	0.0	0.0	0.36388000000000004	0.25947	0.7916300000000001	0.69676	2.21596	1.12955	1.27106	3.01897	0.0
s__Granulicatella_elegans	0.39605999999999997	0.0	0.0	0.0	0.020030000000000003	0.0	0.6826300000000001	0.0	0.90486	1.8780700000000001	3.07883	1.49023	1.79565	0.7973100000000001	1.08254	0.0	0.0	0.0	0.0	0.0	0.0	0.0	0.13551	0.0	0.0	0.0	0.012969999999999999	0.0	0.0	0.0	1.74656	0.0	0.0	3.35321	1.53891	0.0	0.02201	0.0	0.0	0.0	0.05764	1.4013200000000001	0.0	0.0	0.0	0.0	0.046189999999999995	0.0	2.99134	0.0	0.0	0.0	0.0	0.0	0.11152999999999999	0.0	0.0	0.0	0.0	0.0	0.0	0.0	0.0	0.0	0.0	0.59234	0.0	0.27638	0.0	0.00602	0.01066	0.0	0.264	0.09614	0.49187	0.7268600000000001	1.51675	0.0
s__Granulicatella_unclassified	0.07367	0.0	0.0979	0.26571999999999996	0.10454000000000001	0.18515	0.19675	0.28615	0.16457	0.12407	1.61696	0.4619	0.6365	1.86736	12.20427	0.0	0.0	0.0	0.0	0.0	0.0	0.0	0.0	0.0	0.0	0.0	0.85805	0.0	0.0	0.07121	0.52465	0.24856999999999999	0.83788	0.93809	1.75783	3.97911	0.44014	0.45056	0.22130999999999998	0.0	1.00934	0.18007	0.46621999999999997	0.38529	0.44968	2.15669	0.85059	0.7126600000000001	1.2019	5.33585	0.0	0.0	0.0	0.0	0.26272	0.73048	0.22626999999999997	0.0	0.9924299999999999	0.44945	0.48991	0.28057	0.56606	0.24795999999999999	0.0	0.8260700000000001	0.0	3.36628	0.0	0.25492	0.44408000000000003	0.41796000000000005	0.63167	0.22149000000000002	1.41515	1.1719	0.64188	0.26941
s__Enterococcus_hirae	0.0	0.0	0.0	0.0	0.0	0.0	0.0	0.0	0.0	0.0	0.0	0.0	0.0	0.0	0.0	0.0	0.0	0.0	0.0	0.0	0.0	0.0	0.0	0.0	0.0	0.0	0.0	0.0	0.0	0.0	0.0	0.0	0.0	0.0	0.0	0.0	0.0	0.0	0.0	0.0	0.0	0.0	0.0	0.0	0.0	0.0	0.0	0.0	0.0	0.0	0.0	0.0	0.0	0.0	0.0	0.0	0.0	0.0	0.0	0.0	0.0	0.0	0.0	0.0	0.0	0.0	0.0	0.0	0.0	0.0	0.0	0.0	0.0	0.0	0.0	0.0	0.07876	0.0
s__Streptococcus_australis	0.31105	0.0	1.0036200000000002	1.392	1.5314	0.6291899999999999	0.99955	0.45374	0.0	0.0	0.0	0.40206	0.27042	0.18955999999999998	0.0	0.0	0.0	0.0	0.0	0.0	0.0	0.0	0.21438000000000001	0.0	0.0	3.3635699999999997	1.2494100000000001	1.8115400000000002	0.0	0.09278	0.18554	0.0	0.0	0.0	0.0	0.0	0.46447	0.4522	1.38561	0.0	0.06621	0.0	0.0	0.0	0.23485999999999999	0.0	0.0	0.0	0.0	0.0	0.0	0.0	0.0	0.0	0.9015700000000001	0.0	0.07002	0.0	0.0	0.36422	0.0	0.29252	0.44458000000000003	0.35443	0.0	0.0	0.0	0.0	0.0	0.0	0.20917	1.7083	1.1211	1.08204	0.9324899999999999	0.32	1.0469700000000002	0.0
s__Streptococcus_cristatus	0.0	0.0	0.0	0.0	0.0	0.0	0.0	0.0	0.0	0.0	0.0	0.00344	0.0	0.0	0.0	0.0	0.0	0.0	0.0	0.0	0.0	0.0	0.0	0.0	0.0	0.0	0.0	0.0	0.0	0.0	0.07216	0.0	0.0	0.0	0.0	0.0	0.0	0.0	0.0	0.0	0.0	0.0	0.0	0.0	0.0	0.0	0.0	0.0	0.0	0.0	0.0	0.0	0.0	0.0	0.12189000000000001	0.0	0.0	0.0	0.0	0.0	0.0	0.0	0.0	0.0	0.0	0.0	0.0	0.0	0.0	0.0	0.02299	0.16734000000000002	0.13053	0.215	0.37854	0.35331999999999997	0.31568	0.0
s__Streptococcus_gordonii	0.0	0.0	0.0	0.0	0.0	0.0	0.0	0.0	0.0	0.0	0.0	0.03373	0.0	0.0	0.0	0.0	0.0	0.0	0.0	0.0	0.0	0.0	0.0	0.0	0.0	0.0	0.0	0.0	0.0	0.0	0.0	0.0	0.0	0.0	0.0	0.0	0.0	0.0	0.0	0.0	0.0	0.0	0.0	0.0	0.0	0.0	0.0	0.0	0.0	0.0	0.0	0.0	0.0	0.0	0.0	0.0	0.0	0.0	0.0	0.0	0.0	0.0	0.0	0.12884	0.0	0.0	0.0	0.0	0.0	0.0	0.0	0.0	0.03851	0.0	0.0	0.0	0.08961000000000001	0.0
s__Streptococcus_infantis	0.8033	0.0	1.71945	0.09589	1.916	2.53611	2.78642	1.59507	0.0	1.48407	1.90798	0.25051	0.18586	1.43535	0.0	0.0	0.0	0.0	0.0	0.0	0.0	0.0	0.11742999999999999	89.72824	0.0	0.929	1.36721	0.8603799999999999	56.706219999999995	0.26179	0.6099600000000001	0.44477	0.0	0.0	0.0	0.0	0.4268	0.83962	0.0	0.0	0.0	0.42915	0.39857	2.02756	3.10028	1.22652	0.55315	0.0	0.68818	0.0	0.0	0.0	0.0	0.0	0.31158	0.52178	0.5495800000000001	0.0	3.9809300000000003	2.42026	3.48852	0.9598	2.77391	1.1283299999999998	0.8750899999999999	1.03705	0.0	1.7529099999999997	0.0	1.02552	0.57448	0.46302	0.5858399999999999	0.0	0.5188	0.0	0.1845	4.95605
s__Streptococcus_intermedius	0.0	0.0	0.0212	0.0	0.0	0.0	0.0	0.0	0.0	0.0	0.0	0.0	0.0	0.0	0.0	0.0	0.0	0.0	0.0	0.0	0.0	0.0	0.043539999999999995	0.0	6.46239	0.0	0.0	0.0	0.0	0.0	0.0	0.0	0.0	0.0	0.0	0.0	0.0	0.0	0.0	0.0	0.0	0.0	0.0	0.0	0.0	0.0	0.0	0.0	0.0	0.0	0.0	0.0	0.0	0.0	0.0	0.0	0.02553	0.0	0.0	0.0	0.0	0.0	0.0	0.04021	0.0	0.0	0.0	0.0	0.0	0.28361	0.41923999999999995	0.17595999999999998	0.37225	0.31598000000000004	0.25019	0.0	0.16085	0.0
s__Streptococcus_mitis_oralis_pneumoniae	2.87851	0.0	0.72663	1.04389	1.7960599999999998	1.43636	1.2738	0.10619	3.3579800000000004	9.927019999999999	7.75767	3.4834199999999997	2.90645	11.285260000000001	45.230109999999996	0.0	0.0	0.0	0.0	0.0	0.0	0.0	3.6830000000000003	0.0	0.0	1.30615	7.86666	10.72541	0.0	0.91733	4.04229	0.50389	9.43763	31.95572	7.826969999999999	8.40286	2.0861099999999997	0.8861600000000001	11.022110000000001	49.84455	53.08421	9.18131	0.95383	7.06946	1.2907899999999999	10.16925	4.4932	13.827829999999999	20.74076	20.70589	6.33014	0.0	0.0	0.5951	3.16565	6.32819	7.8700399999999995	0.0	3.38795	2.32023	20.007189999999998	15.14388	7.54437	3.5407599999999997	9.54306	4.37825	20.36198	6.19447	0.0	4.87935	1.53115	6.73721	1.40563	6.3417699999999995	16.39331	11.123280000000001	3.79552	4.40107
s__Streptococcus_mutans	0.0	0.0	0.0	0.0	0.0	0.0	0.0	0.0	0.0	0.0	0.0	0.0	0.0	0.0	0.0	0.0	0.0	0.0	0.0	0.0	0.0	0.0	0.0	0.0	0.0	0.0	0.0	0.0	0.0	0.0	0.0	0.0	0.0	0.0	0.0	0.0	0.0	0.0	0.0	0.0	0.0	0.0	0.0	0.0	0.0	0.0	0.0	0.0	0.0	0.0	0.0	0.0	0.0	0.0	0.0	0.0	0.0	0.0	0.0	0.0	0.0	0.0	0.0	0.0	0.0	0.0	0.0	0.0	0.0	0.08397	0.06961	0.0	0.0	0.0	0.0	0.0	0.14844000000000002	0.0
s__Streptococcus_oligofermentans	0.0	0.0	0.0	0.0	0.0	0.0	0.0	0.0	0.0	0.0	0.0	0.0	0.0	0.0	0.0	0.0	0.0	0.0	0.0	0.0	0.0	0.0	0.0	0.0	0.0	0.0	0.0	0.0	0.0	0.0	0.00636	0.0	0.0	0.0	0.0	0.0	0.0	0.0	0.0	0.0	0.0	0.0	0.0	0.0	0.0	0.0	0.0	0.0	0.0	0.0	0.0	0.0	0.0	0.0	0.0	0.0	0.0	0.0	0.0	0.0	0.0	0.0	0.0	0.0	0.0	0.0	0.0	0.0	0.0	0.0	0.0	0.0	0.0	0.0	0.0	0.0	0.01406	0.0
s__Streptococcus_parasanguinis	0.0	0.0	0.03766	0.0	0.0	0.0	0.0	0.0	0.0	0.0	0.0	0.20418	0.42945	0.40125	0.0	0.0	0.0	0.0	0.0	0.0	0.0	0.0	0.02167	0.0	0.0	0.0	0.54067	0.0	0.0	0.0	0.12262999999999999	0.0	0.0	0.0	0.0	0.0	1.28406	1.5005700000000002	1.65763	0.0	0.0	0.0	0.0	0.0	0.0	0.0	0.0	0.0	0.0	0.0	0.06308	0.0	0.0	0.45863000000000004	3.27965	0.6651	0.6795	0.0	1.3326	1.8696099999999998	2.3167	1.0871	1.8902700000000001	1.88705	0.0	1.0039	2.34623	8.31207	1.94773	0.66291	7.43589	8.14513	6.475709999999999	4.035880000000001	4.06248	11.16525	7.1147800000000005	1.837
s__Streptococcus_peroris	0.0	0.0	0.02053	0.0	0.32256999999999997	0.1674	0.33442	0.0	0.0	0.0	0.0	0.0	0.0	0.0	0.0	0.0	0.0	0.0	0.0	0.0	0.0	0.0	0.0	0.0	0.0	0.0	0.0	0.0	0.0	0.0	0.0	0.0	0.0	0.1049	0.0	0.0	0.0	0.0	0.0	0.0	0.0	0.0	0.0	0.0	0.0	0.0	0.0	0.0	0.0	0.0	0.0	0.0	0.0	0.0	0.0	0.0	0.0	0.0	0.0	0.0	0.0	0.0	0.0	0.03827	0.0	0.0	0.0	0.0	0.0	0.0	0.0	0.0	0.0	0.0	0.0	0.0	0.0	0.0
s__Streptococcus_pseudopneumoniae	0.0	0.0	0.0	0.0	0.0	0.0	0.0	0.0	0.0	0.0	0.0	0.0	0.0	0.0	0.0	0.0	0.0	0.0	0.0	0.0	0.0	0.0	0.0	0.0	0.0	0.0	0.0	0.0	0.0	0.0	0.0	0.0	0.0	0.0	0.0	0.0	0.0	0.0	0.0	0.0	0.0	0.0	0.0	0.0	0.0	0.0	0.0	0.0	0.09419	0.0	0.0	0.0	0.0	0.0	0.0	0.0	0.0	0.0	0.0	0.0	0.0	0.0	0.0	0.0	0.0	0.0	0.0	0.0	0.0	0.0	0.0	0.0	0.0	0.0	0.0	0.0	0.0	0.0
s__Streptococcus_salivarius	0.0	0.0	0.07915	0.0	0.0	0.0	0.0	0.0	0.0	0.0	0.08728999999999999	0.28715	0.58053	2.67496	0.0	0.0	0.0	0.0	0.0	0.0	0.0	0.0	0.0	0.0	0.0	0.0	0.0	0.0	0.0	0.0	0.40871999999999997	0.09352	2.58149	0.0	0.09368	0.0	0.46961	0.36867	2.24614	0.0	0.32969	0.0	0.0	0.0	0.0	0.0	0.0	0.0	0.0	0.0	0.40038	1.74993	2.15117	2.67955	14.87549	1.6062100000000001	2.8441	0.0	3.15509	1.36599	1.94556	0.37508	6.19016	1.00702	0.0	7.9124300000000005	23.982670000000002	17.39268	72.50603000000001	2.3174799999999998	16.91791	9.57244	9.45983	5.241619999999999	6.52136	10.3125	3.72739	0.9933299999999999
s__Streptococcus_sanguinis	0.04239	0.0	0.31385	0.0	0.0	0.19305999999999998	0.02224	0.0	0.65071	5.16823	2.6427	0.96851	0.57386	2.28547	18.21874	0.0	0.0	0.0	0.0	0.0	0.0	0.0	0.16772	0.0	10.56453	17.5371	0.25837	1.72878	0.0	0.0	0.38378	0.0	0.0	0.0	0.0	0.0	0.03192	0.0	0.0	0.0	0.9040100000000001	0.39555999999999997	0.0	0.0	0.0	0.0	0.0	2.6188599999999997	0.49355	0.0	0.21895	0.0	0.0	0.48572	1.3613600000000001	0.65645	0.53057	0.0	2.7952	1.2009299999999998	2.5505	0.4579	1.6437700000000002	1.61788	0.0	0.0	0.0	2.0	0.0	0.1105	1.01138	0.8260700000000001	1.08636	1.17193	5.06564	3.5731599999999997	4.28034	0.0
s__Streptococcus_thermophilus	0.0	0.0	0.0	0.0	0.0	0.0	0.0	0.0	0.0	0.0	0.0	0.0	0.0	0.0	0.0	0.0	0.0	0.0	0.0	0.0	0.0	0.0	0.0	0.0	0.0	0.0	0.0	0.0	0.0	0.0	0.0	0.0	0.0	0.0	0.0	0.0	0.0	0.0	0.0	0.0	0.0	0.0	0.0	0.0	0.0	0.0	0.0	0.0	0.0	0.0	0.0	0.0	22.619979999999998	8.726410000000001	0.0	0.0	0.0	0.0	0.0	0.0	0.0	0.0	0.0	0.0	0.0	0.0	0.0	0.0	0.0	0.1103	0.0	0.0	0.0	0.0	0.0	0.0	0.0	0.0
s__Streptococcus_tigurinus	0.2609	0.0	0.0	0.0	0.02497	0.10720999999999999	0.9097299999999999	0.0	0.07855	0.0	0.5573100000000001	0.14831	0.22069	0.78446	0.0	0.0	0.0	0.0	0.0	0.0	0.0	0.0	0.04222	0.0	0.0	0.0	0.0	0.0	0.0	0.0	0.0	0.0	0.0	0.0	0.0	0.0	0.0	0.0	0.0	0.0	1.22624	0.26602	0.0	0.0	0.0	0.9083399999999999	0.2047	0.32992	0.6893199999999999	0.0	0.0	0.0	0.0	0.0	0.0	0.0	0.0	0.0	0.0	0.0	0.0	0.0	0.0	0.0	0.0	0.0	0.0	0.0	0.0	0.28881	0.12852	0.67581	0.53564	1.49031	0.77657	0.31235999999999997	2.24903	0.0
s__Streptococcus_vestibularis	0.0	0.0	0.0	0.0	0.0	0.0	0.0	0.0	0.0	0.0	0.0	0.0	0.0	0.0	0.0	0.0	0.0	0.0	0.0	0.0	0.0	0.0	0.0	0.0	0.0	0.0	0.0	0.0	0.0	0.0	0.0	0.0	0.0	0.0	0.0	0.0	0.0	0.0	0.0	0.0	0.0	0.0	0.0	0.0	0.0	0.0	0.0	0.0	0.0	0.0	0.0	0.0	0.0	0.0	1.16652	0.0	1.24797	0.0	0.0	0.0	0.84895	6.17307	1.75722	0.0	0.0	0.0	0.0	0.0	0.0	2.11464	0.15037	0.14503	0.44359	0.0	0.0	0.29495	0.18028	0.0
s__Eubacterium_infirmum	0.0	0.0	0.0	0.0	0.0	0.0	0.0	0.0	0.0	0.0	0.0	0.0	0.0	0.0	0.0	0.0	0.0	0.0	0.0	0.0	0.0	0.0	0.0	0.0	0.0	0.0	0.0	0.0	0.0	0.0	0.0	0.0	0.0	0.0	0.0	0.0	0.02288	0.0	0.0	0.0	0.0	0.0	0.0	0.0	0.0	0.0	0.0	0.0	0.0	0.0	0.0	0.0	0.0	0.0	0.0	0.0	0.0	0.0	0.0	0.0	0.0	0.0	0.0	0.0	0.0	0.0	0.0	0.0	0.0	0.0	0.0	0.0	0.0	0.0	0.0	0.0	0.0	0.0
s__Parvimonas_unclassified	0.07864	0.0	0.11968	0.0	0.0	0.0	0.0	0.0	0.0	0.0	0.0	0.0	0.0	0.0	0.0	0.0	0.0	0.0	0.0	0.0	0.0	0.0	0.0	0.0	0.0	0.0	0.0	0.0	0.0	0.0	0.05989	0.0	0.0	0.0	0.0	0.0	0.0	0.00744	0.0	0.0	0.0	0.0	0.0	0.0	0.0	0.0	0.0	0.0	0.0	0.0	0.0	0.0	0.0	0.0	0.0	0.0	0.0	0.0	0.0	0.0	0.0	0.0	0.0	0.0	0.0	0.0	0.0	0.0	0.0	0.0	0.0	0.0	0.0	0.0	0.0	0.0	0.0	0.0
s__Eubacterium_saphenum	0.0	0.0	0.00975	0.0	0.0	0.0	0.0	0.0	0.0	0.0	0.0	0.0	0.0	0.0	0.0	0.0	0.0	0.0	0.0	0.0	0.0	0.0	0.0	0.0	0.0	0.0	0.0	0.0	0.0	0.0	0.0	0.0	0.0	0.0	0.0	0.0	0.0	0.0	0.0	0.0	0.0	0.0	0.0	0.0	0.0	0.0	0.0	0.0	0.0	0.0	0.0	0.0	0.0	0.15659	0.04257	0.0	0.0	0.0	0.0	0.0	0.0	0.0	0.0	0.0	0.0	0.0	0.0	0.0	0.0	0.0	0.0	0.0	0.0	0.0	0.0	0.0	0.0	0.0
s__Catonella_morbi	0.04331	0.0	0.0	0.0	0.0	0.0	0.0	0.0	0.0	0.0	0.0	0.0	0.0	0.0	0.0	0.0	0.0	0.0	0.0	0.0	0.0	0.0	0.0	0.0	0.0	0.0	0.0	0.0	0.0	0.0	0.0	0.0	0.0	0.0	0.0	0.0	0.0	0.0	0.0	0.0	0.0	0.0	0.0	0.0	0.0	0.0	0.0	0.0	0.0	0.0	0.0	0.0	0.0	0.0	0.0	0.0	0.0	0.0	0.0	0.0	0.0	0.0	0.0	0.0	0.0	0.0	0.0	0.0	0.0	0.0	0.0	0.0	0.0	0.0	0.0	0.0	0.0	0.0
s__Lachnoanaerobaculum_saburreum	0.0	0.0	0.0	0.0	0.0	0.0	0.0	0.0	0.0	0.0	0.0	0.0	0.0	0.0	0.0	0.0	0.0	0.0	0.0	0.0	0.0	0.0	0.0	0.0	0.0	0.0	0.0	0.0	0.0	0.0	0.0	0.0	0.0	0.0	0.0	0.0	0.0	0.0	0.0	0.0	0.0	0.0	0.0	0.0	0.0	0.0	0.0	0.0	0.0	0.0	0.0	0.0	0.0	0.0	0.0	0.0	0.0	0.0	0.0	0.0	0.0	0.0	0.0	0.0	0.0	0.0	0.0	0.0	0.0	0.0	0.023530000000000002	0.0	0.0	0.0	0.0	0.0	0.0	0.0
s__Lachnospiraceae_bacterium_ICM7	0.12598	0.0	0.16258	0.0	0.0	0.0	0.0	0.0	0.0	0.0	0.0	0.0	0.0	0.0	0.0	0.0	0.0	0.0	0.0	0.0	0.0	0.0	0.08156000000000001	0.0	0.0	0.0	0.00634	0.0	0.0	0.0	0.0	0.0	0.0	0.0	0.0	0.0	0.0	0.0	0.0	0.0	0.0	0.0	0.0	0.0	0.0	0.0	0.0	0.0	0.0	0.0	0.0	0.0	0.0	0.0	0.0	0.0	0.0	0.0	0.0	0.0	0.0	0.0	0.0	0.0	0.0	0.0	0.0	0.0	0.0	0.0	0.0	0.0057	0.0263	0.032010000000000004	0.0	0.0	0.0	0.0
s__Oribacterium_sinus	0.12964	0.37786	0.48153	0.19412000000000001	0.08595	0.37516	0.06754	0.0	0.0	0.0	0.0	0.42305	0.28348	0.0	0.0	0.0	0.0	0.0	0.0	0.0	0.0	0.0	0.13195	0.0	0.0	0.0	0.05387	2.90935	0.0	0.0	0.058570000000000004	0.0	2.0977099999999997	0.0	0.0	0.0	0.06452000000000001	0.04268	0.0	0.0	0.0	0.0	0.0	0.0	0.0	0.0	0.0	0.0	0.0	0.0	0.0	0.0	0.0	0.0	0.32111	0.0	0.05881	0.0	0.0	0.16399999999999998	0.0	0.0	0.12215	1.56335	0.0	0.0	0.0	0.0	0.0	0.05961	2.65097	0.73849	2.0133099999999997	0.9441	16.58025	7.58172	1.80942	0.0
s__Shuttleworthia_satelles	0.0	0.0	0.0	0.0	0.0	0.0	0.0	0.0	0.0	0.0	0.0	0.0	0.0	0.0	0.0	0.0	0.0	0.0	0.0	0.0	0.0	0.0	0.0	0.0	0.0	0.0	0.0	0.0	0.0	0.0	0.0	0.0	0.0	0.0	0.0	0.0	0.0	0.0	0.0	0.0	0.0	0.0	0.0	0.0	0.0	0.0	0.0	0.0	0.0	0.0	0.0	0.0	0.0	0.0	0.0	0.4865	0.0	0.0	0.0	0.0	0.0	0.0	0.0	0.0	0.0	0.0	0.0	0.0	0.0	0.0	0.0	0.0	0.0	0.0	0.0	0.0	0.0	0.0
s__Stomatobaculum_longum	0.0	0.0	0.0	0.0	0.0	0.0	0.0	0.0	0.0	0.0	0.0	0.0	0.0	0.0	0.0	0.0	0.0	0.0	0.0	0.0	0.0	0.0	0.0	0.0	0.0	0.0	0.0	0.0	0.0	0.0	0.0	0.0	0.0	0.0	0.0	0.0	0.0371	0.0	0.0	0.0	0.0	0.0	0.0	0.0	0.0	0.0	0.0	0.0	0.0	0.0	0.0	0.0	0.0	0.0	0.0	0.0	0.0	0.0	0.0	0.0	0.0	0.0	0.0	0.0	0.0	0.0	0.0	0.0	0.0	0.0	0.21939	0.0	0.06454	0.0	0.0	0.0598	0.1534	0.0
s__Filifactor_alocis	0.0	0.0	0.0	0.0	0.0	0.0	0.0	0.0	0.0	0.0	0.0	0.0	0.0	0.0	0.0	0.0	0.0	0.0	0.0	0.0	0.0	0.0	0.0	0.0	0.0	0.0	0.0	0.0	0.0	0.0	0.0067599999999999995	0.0	0.0	0.0	0.0	0.0	0.0	0.0	0.0	0.0	0.0	0.0	0.0	0.0	0.0	0.0	0.0	0.0	0.0	0.0	0.0	0.12930999999999998	0.0	0.69498	0.16737	0.0	0.0	0.0	0.0	0.0	0.0	0.0	0.0	0.0	0.0	0.0	0.0	0.0	0.0	0.0	0.0	0.0	0.0	0.0	0.0	0.0	0.0	0.0
s__Clostridium_difficile	0.0	0.0	0.0	0.0	0.0	0.0	0.0	0.0	0.0	0.0	0.0	0.0	0.0	0.0	0.0	0.0	0.0	0.0	0.0	0.0	0.0	0.0	0.0	0.0	0.0	0.0	0.0	0.0	0.0	0.0	0.0	0.0	0.0	0.0	0.0	0.0	0.0	0.0	0.0	0.0	0.0	0.0	0.0	0.0	0.0	0.0	0.0	0.0	0.0	0.0	0.0	0.0	0.0	0.0	0.0	0.0	0.0	0.0	0.0	0.0	0.0	0.0	0.0	0.0	0.0	0.0	0.0	0.0	0.0	0.0	0.0	0.0	0.0	0.0	0.0	0.0	0.26023	0.0
s__Eubacterium_yurii	0.0	0.0	0.0314	0.0	0.0	0.0	0.0	0.0	0.0	0.0	0.0	0.0	0.0	0.0	0.0	0.0	0.0	0.0	0.0	0.0	0.0	0.0	0.0	0.0	0.0	0.0	0.0	0.0	0.0	0.0	0.0	0.0	0.0	0.0	0.0	0.0	0.0	0.0	0.0	0.0	0.0	0.0	0.0	0.0	0.0	0.0	0.0	0.0	0.0	0.0	0.0	0.0	0.0	0.0	0.0	0.0	0.0	0.0	0.0	0.0	0.0	0.0	0.0	0.0	0.0	0.0	0.0	0.0	0.0	0.0	0.0	0.0	0.0	0.0	0.0	0.0	0.0	0.0
s__Peptostreptococcus_stomatis	0.00519	0.0	0.01211	0.0	0.0	0.0	0.0	0.0	0.0	0.0	0.0	0.0	0.0	0.0	0.0	0.0	0.0	0.0	0.0	0.0	0.0	0.0	0.0	0.0	0.0	0.0	0.0	0.0	0.0	0.0	0.0027	0.0	0.0	0.0	0.0	0.0	0.0	0.0	0.0	0.0	0.0	0.0	0.0	0.0	0.0	0.0	0.0	0.0	0.0	0.0	0.0	0.0	0.0	0.0	0.0	0.0	0.0	0.0	0.0	0.0	0.0	0.0	0.0	0.0	0.0	0.0	0.0	0.0	0.0	0.0	0.0	0.0	0.0	0.0	0.0	0.0	0.0	0.0
s__Peptostreptococcus_unclassified	0.0	0.0	0.05354	0.0	0.0	0.0	0.0	0.0	0.0	0.0	0.0	0.0	0.0	0.0	0.0	0.0	0.0	0.0	0.0	0.0	0.0	0.0	0.0	0.0	0.0	0.0	0.0	0.0	0.0	0.0	0.057620000000000005	0.0	0.0	0.0	0.0	0.0	0.0	0.0	0.0	0.0	0.0	0.0	0.0	0.0	0.0	0.0	0.0	0.0	0.0	0.0	0.0	0.0	0.0	0.0	0.04338	0.0	0.0	0.0	0.0	0.12546	0.0	0.0	0.0	0.0	0.0	0.0	0.0	0.0	0.0	0.0	0.0	0.0	0.0	0.0	0.0	0.0	0.0	0.0
s__Bulleidia_extructa	0.09031	0.0	0.06047	0.0	0.0	0.0	0.0	0.0	0.0	0.0	0.0	0.0	0.0	0.0	0.0	0.0	0.0	0.0	0.0	0.0	0.0	0.0	0.0	0.0	0.0	0.0	0.0	0.0	0.0	0.0	0.08247	0.0	0.0	0.0	0.0	0.0	0.0	0.0	0.0	0.0	0.0	0.0	0.0	0.0	0.0	0.0	0.0	0.0	0.0	0.0	0.0	0.0	0.0	0.0	0.0	0.0	0.0	0.0	0.0	0.0	0.0	0.0	0.0	0.0	0.0	0.0	0.0	0.0	0.0	0.0	0.0	0.0	0.0	0.0	0.0	0.0	0.0	0.0
s__Solobacterium_moorei	0.29969	0.0	0.08901	0.0	0.0	0.0	0.0	0.0	0.0	0.0	0.0	0.02025	0.11598	0.0	0.0	0.0	0.0	0.0	0.0	0.0	0.0	0.0	0.02708	0.0	0.0	0.0	0.041710000000000004	0.0	0.0	0.0	0.2896	0.0	0.0	0.0	0.0	0.0	0.1773	0.0139	0.0	0.0	0.0	0.0	0.0	0.0	0.0	0.0	0.0	0.0	0.0	0.0	0.0	0.0	0.0	0.0	0.0059299999999999995	0.0	0.0	0.0	0.0	0.0	0.0	0.0	0.0	0.00618	0.0	0.0	0.0	0.0	0.0	0.00548	0.10467	0.01047	0.27773000000000003	0.04434	0.0	0.1454	0.22923000000000002	0.0
s__Anaeroglobus_geminatus	0.0	0.0	0.0	0.0	0.0	0.0	0.0	0.0	0.0	0.0	0.0	0.0	0.0	0.0	0.0	0.0	0.0	0.0	0.0	0.0	0.0	0.0	0.0	0.0	0.0	0.0	0.0	0.0	0.0	0.0	0.0	0.0	0.0	0.0	0.0	0.0	0.0	0.0	0.0	0.0	0.0	0.0	0.0	0.0	0.0	0.0	0.0	0.0	0.0	0.0	0.0	0.0	0.0	0.0	0.0	0.0	0.0	0.0	0.0	0.0	0.0	0.0	0.0	0.1375	0.0	0.0	0.0	0.0	0.0	0.0	0.0	0.0	0.0	0.0	0.0	0.0	0.0	0.0
s__Dialister_invisus	0.03539	0.0	0.09622	0.0	0.0	0.0	0.0	0.0	0.0	0.0	0.0	0.00364	0.0	0.0	0.0	0.0	0.0	0.0	0.0	0.0	0.0	0.0	0.0	0.0	0.0	0.0	0.0	0.0	0.0	0.0	0.17382	0.01729	0.0	0.0	0.0	0.0	0.33205999999999997	0.02113	0.0	0.0	0.0	0.0	0.0	0.0	0.0	0.0	0.0	0.0	0.0	0.0	0.0	0.0	0.0	0.0	0.0	0.13017	0.043089999999999996	0.0	0.0	0.0	0.0	0.0	0.0	0.26002	0.0	0.0	0.0	0.0	0.0	0.0	0.0	0.0	0.0	0.0	0.0	0.0	0.0	0.0
s__Megasphaera_micronuciformis	0.07021000000000001	0.0	0.09041	0.0	0.0	0.03698	0.0	0.14211	0.0	0.0	0.0	0.0	0.0	0.0	0.0	0.0	0.0	0.0	0.0	0.0	0.0	0.0	0.08549	0.0	0.0	0.0	0.0	0.0	0.0	0.0	0.25151	1.70905	0.73995	0.73595	0.44288	0.0	3.1574	4.512630000000001	1.56857	0.0	0.0	0.0	0.0	0.0	0.0	0.0	0.0	0.0	0.0	0.0	0.1216	1.3901299999999999	0.0	0.0	0.21029	0.0	0.09573999999999999	0.0	0.0	0.56083	0.0	0.0	0.37155	0.4904	0.0	0.0	0.0	0.0	0.0	0.25345	0.41246000000000005	0.11325	0.20281	0.0	0.0	0.0	0.19244	1.26522
s__Selenomonas_artemidis	0.0	0.0	0.0	0.0	0.0	0.0	0.0	0.0	0.0	0.0	0.0	0.0	0.0	0.0	0.0	0.0	0.0	0.0	0.0	0.0	0.0	0.0	0.0	0.0	0.0	0.0	0.0	0.0	0.0	0.0	0.0	0.0	0.0	0.0	0.0	0.0	0.0	0.0	0.0	0.0	0.0	0.0	0.0	0.0	0.0	0.0	0.0	0.0	0.0	0.0	0.0	0.0	0.0	0.0	0.0	0.0	0.0	0.0	0.0	0.0	0.0	0.0	0.0	0.0	0.0	0.0	0.0	0.0	0.0	0.0	0.09877999999999999	0.0	0.0	0.0	0.0	0.0	0.0	0.0
s__Selenomonas_flueggei	0.0	0.0	0.0	0.0	0.0	0.0	0.0	0.0	0.0	0.0	0.0	0.0	0.0	0.0	0.0	0.0	0.0	0.0	0.0	0.0	0.0	0.0	0.0	0.0	0.0	0.0	0.0	0.0	0.0	0.0	0.0	0.0	0.0	0.0	0.0	0.0	0.046939999999999996	0.0	0.0	0.0	0.0	0.0	0.0	0.0	0.0	0.0	0.0	0.0	0.0	0.0	0.0	0.0	0.0	0.0	0.0	0.0	0.0	0.0	0.0	0.0	0.0	0.0	0.0	0.0	0.0	0.0	0.0	0.0	0.0	0.0	0.0263	0.0	0.0	0.0	0.0	0.0	0.0	0.0
s__Selenomonas_noxia	0.0	0.0	0.0	0.0	0.0	0.0	0.0	0.0	0.25453000000000003	0.0	0.0	0.02192	0.0	0.0	0.0	0.0	0.0	0.0	0.0	0.0	0.0	0.0	0.15686	0.0	0.0	0.0	0.0	0.0	0.0	0.0	0.03739	0.26731	0.0	0.0	0.0	0.0	0.0	0.0	0.0	0.0	0.0	0.07532	0.0	0.0	0.0	0.0	0.0	0.0	0.0	0.0	0.0	0.0	0.0	0.0	0.04044	0.11339	0.0	0.0	0.0	0.0	0.0	0.0	0.0	0.21739	0.0	0.0	0.0	0.0	0.0	0.04802	3.92005	0.12637	0.10825	0.05092	0.33665	0.02481	0.036930000000000004	3.71216
s__Selenomonas_sputigena	0.0	0.0	0.0	0.0	0.0	0.0	0.0	0.0	0.0	0.0	0.0	0.0	0.0	0.0	0.0	0.0	0.0	0.0	0.0	0.0	0.0	0.0	0.0	0.0	0.0	0.0	0.0	0.0	0.0	0.0	0.0	0.0	0.0	0.0	0.0	0.0	0.0	0.0	0.0	0.0	0.0	0.0	0.0	0.0	0.0	0.0	0.0	0.0	0.0	0.0	0.0	0.0	0.0	0.0	0.0	0.0	0.0	0.0	0.0	0.0	0.0	0.0	0.0	0.0	0.0	0.0	0.0	0.0	0.0	0.0	0.01885	0.0	0.0	0.0	0.0	0.0	0.0	0.0
s__Veillonella_atypica	0.4305	0.0	0.21694000000000002	0.07427	0.11381	0.09417	0.011859999999999999	0.05778	0.0	0.0	0.03125	0.3604	1.49223	0.7784300000000001	0.0	0.0	0.0	0.0	0.0	0.0	0.0	0.0	0.22696999999999998	0.0	0.0	0.0	0.39702	0.0	0.0	0.31456999999999996	0.9650700000000001	10.448089999999999	4.75625	1.09734	1.3384	0.0	1.39479	1.7455599999999998	2.61875	0.0	0.0	0.0	0.0	0.0	0.0	0.0	0.0	0.0	0.0	0.0	1.54193	4.83239	4.93924	2.58575	2.0109	2.0481	1.15459	0.0	1.24064	1.73583	0.73828	0.4891	2.01805	1.42524	0.92538	9.89921	0.0	6.063	3.6507	3.3299	1.13845	1.14137	1.93524	1.56739	0.39646	0.67885	1.47949	19.68393
s__Veillonella_dispar	0.0	0.0	0.00605	0.0	0.0	0.00872	0.0	0.0	0.01958	0.0	0.0	0.052329999999999995	0.10914000000000001	0.0	0.0	0.0	0.0	0.0	0.0	0.0	0.0	0.0	0.21270999999999998	0.0	0.0	0.0	0.2769	0.0	0.0	0.08641	0.37054000000000004	0.52362	0.0	0.31029	0.0	0.0	0.8503	1.2494299999999998	1.9514	0.0	0.0	0.07512	0.0	0.0	0.0	0.0	0.0	0.0	0.0	0.0	0.4257	0.51405	0.56147	1.24976	0.7418	0.69191	0.88066	7.30785	4.62477	0.89312	1.21567	0.24641	0.6688	0.44108	1.12471	3.6031	0.0	0.30339	0.0	2.9327	1.00779	2.45847	2.39257	1.61765	0.71108	0.32185	0.94747	0.12122000000000001
s__Veillonella_parvula	1.75678	2.1099	0.28555	0.07475	0.10705999999999999	0.18652	0.5615100000000001	0.07437	14.80824	3.26808	2.0362400000000003	1.24132	0.80274	5.20728	7.87017	0.0	0.0	0.0	0.0	0.0	0.0	0.0	3.85226	0.0	9.15963	1.05974	0.28438	1.5719299999999998	0.0	1.24635	4.11908	1.86789	0.78408	0.06264	0.09882	14.182739999999999	0.4245	0.73054	1.76561	0.0	1.05456	5.36113	4.61992	2.5632900000000003	0.37251999999999996	1.24385	1.19503	0.14608	1.50962	3.20523	11.00555	1.26128	3.37365	2.39698	6.64878	19.06273	2.94208	26.309690000000003	11.12463	4.8623	2.2513799999999997	2.11708	1.43537	8.10927	0.71115	3.38405	0.0	0.26591	0.0	4.359719999999999	1.21461	1.2469	0.84273	1.0449899999999999	1.87992	1.01373	0.92127	4.9088400000000005
s__Veillonella_unclassified	6.7432300000000005	12.10088	9.257639999999999	4.26104	4.28826	7.74607	6.31355	5.385759999999999	2.4837599999999997	3.5991800000000005	4.648540000000001	4.1974800000000005	7.09445	5.08445	6.629689999999999	0.0	0.0	0.0	0.0	0.0	0.0	0.0	11.64875	0.0	10.451089999999999	11.42119	8.46566	3.24195	0.0	3.74359	10.55897	10.75235	18.14217	5.66406	4.77385	10.515419999999999	11.31128	14.015670000000002	6.17247	6.36149	1.13175	3.0282299999999998	3.6010800000000005	7.0586199999999995	14.7068	2.64914	3.07342	1.06748	0.83968	2.94179	10.06745	12.70465	9.67421	7.84965	8.8876	6.065	24.13812	40.69533	24.76576	23.81178	16.499589999999998	6.561719999999999	15.41835	12.35735	6.4389199999999995	10.839310000000001	8.08099	14.04381	21.895529999999997	16.8607	8.528880000000001	7.74558	8.15915	3.2824699999999996	3.5472699999999997	2.03615	2.76002	0.0
s__Fusobacterium_nucleatum	1.32575	1.2905200000000001	1.18845	0.0	0.13142	0.0	0.21731	0.12548	1.8678299999999999	0.68758	0.04216	0.57548	0.1416	0.30054000000000003	0.0	0.0	0.0	0.0	0.0	0.0	0.0	0.0	0.42901000000000006	0.0	0.0	0.0	0.0	0.0	0.0	0.1097	0.6059399999999999	0.6046	1.51109	1.8183099999999999	0.23953000000000002	0.0	0.1474	0.21915	0.0	0.0	0.11989000000000001	0.56234	0.17748	0.0	0.0	0.0	0.25958000000000003	0.0	0.06289	0.0	0.04136	1.7698900000000002	0.0	1.0303200000000001	0.53701	2.03302	0.6633100000000001	0.0	0.0	1.68705	0.0	0.42099	0.14168	0.39486	0.0	0.0	0.0	0.0	0.0	0.24065	0.5218	0.06419	0.013330000000000002	0.0	0.03414	0.0	0.0	0.0
s__Fusobacterium_periodonticum	4.54321	6.34293	3.79547	1.13447	1.44401	2.47875	3.20344	6.7419199999999995	0.23293000000000003	0.08009	1.60461	0.73952	2.1680900000000003	2.6697900000000003	0.0	0.0	0.0	0.0	0.0	0.0	0.0	0.0	1.09897	0.0	0.0	0.0	0.58665	3.3536099999999998	0.0	2.0487	0.9318200000000001	0.6763899999999999	0.0	0.47035	0.80786	0.0	1.0077	4.278580000000001	2.38524	0.0	0.0	0.6349899999999999	0.0	0.0	4.05359	0.0	0.64518	0.0	0.0	0.0	0.0	2.3115200000000002	0.68229	0.76435	0.75737	0.53462	0.72153	0.0	0.09747	0.26954	0.0	0.72959	0.58206	1.00483	1.5576	0.0	0.0	0.0	0.0	0.09652000000000001	0.11947	0.50095	0.6349600000000001	0.7711	0.08349	0.18347	0.23558	1.66524
s__Leptotrichia_buccalis	0.0	0.0	0.04214	0.0	0.0	0.0	0.0	0.0	0.0	0.0	0.0	0.0	0.0	0.0	0.0	0.0	0.0	0.0	0.0	0.0	0.0	0.0	0.0	0.0	0.0	0.0	0.0	0.0	0.0	0.0	0.0	0.0	0.0	0.0	0.0	0.0	0.0	0.0	0.0	0.0	0.0	0.0	0.0	0.0	0.0	0.0	0.0	0.0	0.0	0.0	0.0	0.0	0.0	0.0	0.0	0.0	0.0	0.0	0.0	0.0	0.0	0.0	0.0	0.0	0.0	0.0	0.0	0.0	0.0	0.0	0.0	0.0	0.0	0.0	0.0	0.0	0.0	0.0
s__Leptotrichia_goodfellowii	0.0	0.0	0.00908	0.0	0.0	0.0	0.0	0.0	0.0	0.0	0.0	0.11664000000000001	0.0	0.0	0.0	0.0	0.0	0.0	0.0	0.0	0.0	0.0	0.0	0.0	0.0	0.0	0.0	0.0	0.0	0.0	0.0	0.0	0.0	0.0	0.0	0.0	0.0	0.0	0.0	0.0	0.0	0.02217	0.0	0.0	0.0	0.0	0.0	0.0	0.0	0.0	0.0	0.0	0.0	0.0	0.0	0.0	0.0	0.0	0.0	0.0	0.0	0.0	0.0	0.0	0.0	0.0	0.0	0.0	0.0	0.0	0.0	0.0	0.0	0.0	0.0	0.0	0.0	0.0
s__Leptotrichia_hofstadii	0.0	0.0	0.0	0.0	0.0	0.0	0.0	0.0	0.0	0.0	0.0	0.032119999999999996	0.0	0.0	0.0	0.0	0.0	0.0	0.0	0.0	0.0	0.0	0.0	0.0	0.0	0.0	0.0	0.0	0.0	0.0	0.0	0.0	0.0	0.0	0.0	0.0	0.0	0.0	0.0	0.0	0.0	0.0	0.0	0.0	0.0	0.0	0.0	0.0	0.0	0.0	0.0	0.0	0.0	0.0	0.0	0.0	0.0	0.0	0.0	0.0	0.0	0.0	0.0	0.0	0.0	0.0	0.0	0.0	0.0	0.0	0.0	0.0	0.0	0.0	0.0	0.0	0.0	0.0
s__Leptotrichia_shahii	0.0	0.0	0.02802	0.0	0.0	0.0	0.0	0.0	0.0	0.0	0.0	0.0	0.0	0.0	0.0	0.0	0.0	0.0	0.0	0.0	0.0	0.0	0.0	0.0	0.0	0.0	0.0	0.0	0.0	0.0	0.0	0.0	0.0	0.0	0.0	0.0	0.04827	0.00705	0.0	0.0	0.0	0.0	0.0	0.0	0.0	0.0	0.0	0.0	0.0	0.0	0.0	0.0	0.0	0.0	0.0	0.0	0.0	0.0	0.0	0.0	0.0	0.0	0.0	0.0	0.0	0.0	0.0	0.0	0.0	0.0	0.0	0.0	0.0	0.0	0.0	0.0	0.0	0.0
s__Leptotrichia_sp_oral_taxon_215	0.0	0.0	1.6399099999999998	0.0	0.0	0.0	0.0	0.0	0.0	0.0	0.0	0.0	0.0	0.0	0.0	0.0	0.0	0.0	0.0	0.0	0.0	0.0	0.0	0.0	0.0	0.0	0.0	0.0	0.0	0.0	0.0	0.0	0.0	0.0	0.0	0.0	0.0	0.0	0.0	0.0	0.0	0.0	0.0	0.0	0.0	0.0	0.0	0.0	0.0	0.0	0.0	0.0	0.0	0.0	0.0	0.0	0.0	0.0	0.0	0.0	0.0	0.0	0.0	0.0	0.0	0.0	0.0	0.0	0.0	0.0	0.0	0.0	0.0	0.0	0.0	0.0	0.0	0.0
s__Leptotrichia_unclassified	0.45093	0.0	0.0	0.0	0.23071999999999998	0.18327000000000002	0.09378	0.02735	0.17837999999999998	0.0	0.0	0.11682999999999999	0.05471	0.19255999999999998	0.0	0.0	0.0	0.0	0.0	0.0	0.0	0.0	0.12982	0.0	0.0	0.0	0.13846	0.0	0.0	0.0	0.25337	0.0	0.0	0.0	0.0	0.0	0.35241	0.33639	0.0	0.0	0.0	0.11628	0.0	0.0	0.0	0.0	0.0	0.0	0.0	0.0	0.0	0.13485999999999998	0.0	0.0	0.2159	0.0598	0.22164	0.0	0.0	0.40174	0.0	0.19100999999999999	0.08785	0.40938	0.0	0.0	0.0	0.0	0.0	0.14561	0.11548	0.12993	0.09672	0.15198	0.026260000000000002	0.13372	0.2411	1.6789900000000002
s__Leptotrichia_wadei	0.02503	0.0	0.31386	0.0	0.0	0.0	0.0	0.0	0.0	0.0	0.0	0.00827	0.0	0.0	0.0	0.0	0.0	0.0	0.0	0.0	0.0	0.0	0.0	0.0	0.0	0.0	0.0	0.0	0.0	0.0	0.0	0.0	0.0	0.0	0.0	0.0	0.47198	0.38663000000000003	0.0	0.0	0.0	0.0	0.0	0.0	0.0	0.0	0.0	0.0	0.0	0.0	0.0	0.0	0.0	0.0	0.02404	0.0	0.0	0.0	0.0	0.0	0.0	0.0	0.22334	0.12713	0.0	0.0	0.0	0.0	0.0	0.06092	0.24906	0.0	0.0	0.0	0.0	0.0	0.11065	0.31004
s__Lautropia_mirabilis	0.28381999999999996	0.0	0.08514	0.0	0.0053	0.21583000000000002	0.08491	0.09627000000000001	1.0604	1.53342	0.31568	1.35741	0.44083999999999995	0.0	0.0	0.0	0.0	0.0	0.0	0.0	0.0	0.0	2.34294	0.0	0.0	3.3742400000000004	0.39450999999999997	0.0	0.0	0.40738	1.18337	0.0	0.0	0.0	0.0	0.0	0.0	0.0	0.0	0.0	0.0	2.3300400000000003	2.67234	0.0	0.0	0.33931999999999995	0.5162100000000001	0.0	1.29724	0.0	0.0	0.0	0.0	0.0	0.0	0.0	0.0	0.0	0.0	0.0	0.0	0.0	0.0	0.0	0.0	0.0	0.0	0.0	0.0	0.0	0.59565	0.10206	0.0	0.061720000000000004	0.56082	0.31394	0.29519	0.0
s__Eikenella_corrodens	0.13275	0.0	0.33013000000000003	0.0	0.08308	0.18062999999999999	0.22351999999999997	0.0	0.0	0.0	0.0	0.02045	0.0	0.0	0.0	0.0	0.0	0.0	0.0	0.0	0.0	0.0	0.0	0.0	0.0	0.0	0.0	0.0	0.0	0.0	0.0	0.0	0.0	0.0	0.0	0.0	0.0	0.0	0.0	0.0	0.0	0.15363	0.0	0.0	0.0	0.0	0.0	0.0	0.0	0.0	0.0	0.0	0.0	0.0	0.0	0.0	0.06644	0.0	0.0	0.0	0.0	0.0	0.0	0.0	0.0	0.0	0.0	0.0	0.0	0.0	0.0	0.0	0.0	0.0	0.0	0.0	0.0	0.0
s__Kingella_denitrificans	0.0	0.0	0.0	0.0	0.0	0.0	0.051739999999999994	0.0	0.0	0.0	0.0	0.0	0.03329	0.0	0.0	0.0	0.0	0.0	0.0	0.0	0.0	0.0	0.14135	0.0	0.0	0.0	0.0	0.0	0.0	0.04665	0.0	0.0	0.0	0.0	0.0	0.0	0.0	0.0	0.0	0.0	0.0	0.04297	0.0	0.0	0.0	0.0	0.0	0.0	0.0	0.0	0.0	0.0	0.0	0.0	0.0	0.0	0.0	0.0	0.0	0.0	0.0	0.0	0.0	0.0	0.0	0.0	0.0	0.0	0.0	0.0	0.0	0.0	0.0	0.0	0.0	0.0	0.0	0.0
s__Kingella_oralis	0.0	0.0	0.0	0.0	0.0	0.0	0.0	0.0	0.0	0.0	0.0	0.0	0.0	0.0	0.0	0.0	0.0	0.0	0.0	0.0	0.0	0.0	0.020909999999999998	0.0	0.0	0.0	0.0	0.0	0.0	0.0	0.0	0.0	0.0	0.0	0.0	0.0	0.0	0.0	0.0	0.0	0.0	0.0	0.0	0.0	0.0	0.0	0.0	0.0	0.0	0.0	0.0	0.0	0.0	0.0	0.0	0.0	0.0	0.0	0.0	0.0	0.0	0.0	0.0	0.07876	0.0	0.0	0.0	0.0	0.0	0.0	0.0	0.0	0.0	0.0	0.0	0.0	0.0	0.0
s__Kingella_unclassified	0.0662	0.0	0.0	0.0	0.0	0.0	0.0	0.0	0.16101	0.0	0.0	0.0	0.07937999999999999	0.0	0.0	0.0	0.0	0.0	0.0	0.0	0.0	0.0	0.35793	0.0	0.0	0.0	0.0	0.0	0.0	0.30036999999999997	0.0	0.0	0.0	0.0	0.0	0.0	0.0	0.0	0.0	0.0	0.0	0.23673000000000002	0.0	0.0	0.0	0.0	0.0	0.0	0.0	0.0	0.0	0.0	0.0	0.0	0.0	0.0	0.0	0.0	0.0	0.0	0.0	0.19258	0.0	0.0	0.0	0.0	0.0	0.0	0.0	0.0	0.0	0.0	0.0	0.0	0.0	0.0	0.0	0.0
s__Neisseria_bacilliformis	0.0	0.0	0.0	0.0	0.0	0.0	0.0	0.0	0.0	0.0	0.0	0.0	0.0	0.0	0.0	0.0	0.0	0.0	0.0	0.0	0.0	0.0	0.0	0.0	0.0	0.0	0.07765	0.0	0.0	0.0	0.0	0.0	0.0	0.0	0.0	0.0	0.0	0.0	0.0	0.0	0.0	0.0	0.0	0.0	0.0	0.0	0.0	0.0	0.0	0.0	0.11199999999999999	0.0	0.0	0.0	0.38622	3.7546699999999995	0.0	0.0	0.0	0.0	0.0	0.0	0.0	0.0	0.0	0.0	0.0	0.0	0.0	0.0	0.0	0.0	0.0	0.0	0.0	0.0	0.0	0.0
s__Neisseria_cinerea	0.0	0.0	0.0	0.0	0.0	0.0	0.0	0.0	0.0	0.0	0.0	0.02052	0.0	0.0	0.0	0.0	0.0	0.0	0.0	0.0	0.0	0.0	0.0	0.0	0.0	0.0	0.0	0.0	0.0	0.0	0.0	0.0	0.0	0.0	0.0	0.0	0.0	0.0	0.0	0.0	0.0	0.0	0.0	0.0	0.0	0.0	0.0	0.0	0.0	0.0	0.0	0.0	0.0	0.0	0.0	0.0	0.0	0.0	0.0	0.0	0.0	0.0	0.0	0.0	0.0	0.0	0.0	0.0	0.0	0.0	0.0	0.0	0.0	0.0	0.0	0.0	0.0	0.0
s__Neisseria_elongata	0.0	0.0	0.17620999999999998	0.0	0.04438	0.26183	0.34219	0.60136	0.0	0.0	0.0	0.09435	0.1138	0.0	0.0	0.0	0.0	0.0	0.0	0.0	0.0	0.0	0.0	0.0	0.0	0.0	0.0	0.0	0.0	0.0	0.48273999999999995	0.0	0.0	0.0	0.09683	0.0	0.0	0.0	0.0	0.0	0.0	0.68419	0.0	0.0	0.0	0.0	0.26174000000000003	0.0	1.34324	0.0	1.26816	0.0	0.0	0.0	0.04238	1.20264	0.23159000000000002	0.0	0.0	0.0	0.0	0.46821	0.0	0.0	0.0	0.0	0.0	0.0	0.0	0.0	0.0	0.0	0.0	0.0	0.0	0.0	0.0	0.0
s__Neisseria_flavescens	2.72022	0.0	3.7776400000000003	4.85869	8.26394	8.46486	3.20063	10.83187	0.42508	0.0	1.59839	3.02074	2.82288	0.9619	0.0	0.0	0.0	0.0	0.0	0.0	0.0	0.0	4.66032	0.0	4.92844	0.0	4.39423	3.95715	0.0	10.21769	3.08894	0.34905	3.3083199999999997	0.34875	3.8306400000000003	0.0	0.8234899999999999	1.5204799999999998	0.0	0.0	0.0	3.10886	0.0	7.46731	7.19272	2.3807	7.34733	0.0	2.34709	0.0	0.0	0.0	0.0	0.0	0.07779	0.39305	3.0189999999999997	0.0	3.6372199999999997	3.3338099999999997	0.0	4.00291	4.62289	1.9941400000000002	4.06542	0.0	0.0	0.0	0.0	1.40418	0.90043	4.22414	0.39225	2.96013	0.6392800000000001	0.16978	2.1977900000000004	0.0
s__Neisseria_lactamica	0.0	0.0	0.0	0.0	0.0	0.0	0.0	0.0	0.0	0.0	0.036430000000000004	0.01284	0.037610000000000005	0.0	0.0	0.0	0.0	0.0	0.0	0.0	0.0	0.0	0.0	0.0	0.0	0.0	0.0	0.0	0.0	0.0	0.07773	0.0	0.0	0.0	0.07242	0.0	0.0	0.0	0.0	0.0	0.0	0.0	0.0	0.0	0.0	0.0	0.0	0.0	0.0	0.0	0.0	0.0	0.0	0.0	0.0	0.0	0.0	0.0	0.0	0.0	0.0	0.0	0.0	0.0	0.0	0.0	0.0	0.0	0.0	0.0	0.0	0.0	0.0	0.0	0.0	0.0	0.0	0.0
s__Neisseria_macacae	0.0	0.0	0.0	0.0	0.0	0.0	0.0	0.0	0.0	0.0	0.0	0.06493	0.03952	0.0	0.0	0.0	0.0	0.0	0.0	0.0	0.0	0.0	0.0	0.0	0.0	0.0	0.0	0.0	0.0	0.0	0.0	0.0	0.0	0.0	0.0	0.0	0.0	0.0	0.0	0.0	0.0	0.14184000000000002	0.0	0.0	0.0	0.0	0.0	0.0	0.0	0.0	0.0	0.0	0.0	0.0	0.0	0.0	0.06631000000000001	0.0	0.0	0.0	0.0	0.0	0.0	0.0	0.0	0.0	0.0	0.0	0.0	0.0	0.0	0.0	0.0	0.0	0.0	0.0	0.0	0.0
s__Neisseria_meningitidis	0.21938000000000002	0.0	0.0	0.03667	0.0	0.0	0.0	0.0	0.7137600000000001	1.55565	1.4251	0.35068	0.41233000000000003	1.60925	0.0	0.0	0.0	0.0	0.0	0.0	0.0	0.0	0.0	0.0	0.0	0.0	0.0	0.27714	0.0	0.0	0.01036	0.05375	0.0	0.41235	0.09177	0.0	0.13314	0.15234	0.0	0.0	0.0	0.19985999999999998	1.38104	1.33245	0.49661000000000005	0.9745299999999999	0.51297	0.0	0.25945999999999997	0.0	0.0	0.0	0.0	0.0	0.14964	0.28615	0.01795	0.0	0.41363999999999995	0.59732	0.19088	0.07247	0.025660000000000002	0.63717	1.8869999999999998	0.0	0.0	0.0	0.0	0.11199	0.0209	0.0	0.0	0.0	0.0	0.0	0.013590000000000001	0.0
s__Neisseria_sicca	0.0	0.0	0.0	0.0	0.0	0.22169	0.0	0.0	0.0	0.0	0.0	0.13622	0.07612000000000001	0.0	0.0	0.0	0.0	0.0	0.0	0.0	0.0	0.0	0.16302	0.0	0.0	0.0	0.0	0.0	0.0	0.0	0.10153	0.0	0.0	0.0	0.0	0.0	0.00415	0.0	0.0	0.0	0.0	3.4833199999999995	1.7819	1.49629	0.0	4.298	4.01781	0.6091300000000001	6.922810000000001	1.9569599999999998	0.0	0.0	0.0	0.0	0.17805	0.02584	0.25184	0.0	0.0	0.0	0.0	0.0	0.0	0.15313	0.0	0.0	0.0	0.0	0.0	0.0	0.0	0.0	0.0	0.0	0.0	0.0	0.0	0.0
s__Neisseria_subflava	0.21031	0.0	0.37298000000000003	0.29481	0.6818	0.31261	0.47463	0.60355	0.0	0.0	0.07895	0.10106	0.07288	0.0	0.0	0.0	0.0	0.0	0.0	0.0	0.0	0.0	0.0	0.0	0.0	0.0	0.0	0.0	0.0	0.01571	0.41396000000000005	0.0	0.0	0.0	0.28476999999999997	0.0	0.19848	0.48552	0.0	0.0	0.0	0.21235	0.0	0.0	0.0	0.0	1.367	0.0	0.23585	0.0	0.0	0.0	0.0	0.0	0.16654000000000002	0.16798	0.22605	0.0	0.0	0.47211000000000003	0.0	0.73921	0.60014	0.76608	2.59223	0.0	0.0	0.0	0.0	0.23474	0.09026	0.3293	0.11967	0.20606999999999998	0.0	0.1501	0.34234000000000003	0.0
s__Neisseria_unclassified	4.28634	4.59255	9.08716	10.85849	21.749979999999997	20.92839	16.60473	22.11236	5.120419999999999	12.7723	7.341819999999999	13.2803	7.7255899999999995	4.32066	0.0	0.0	0.0	0.0	0.0	0.0	0.0	0.0	3.53484	0.0	6.484369999999999	14.512379999999999	5.184	9.91211	0.0	5.15254	4.39567	2.50455	10.24507	2.02367	2.65452	0.0	0.64581	1.7654	1.7549299999999999	0.0	0.0	1.7280900000000001	9.23981	5.84886	2.05649	7.330660000000001	7.91109	6.189	9.38901	21.25508	0.0	1.12188	0.0	0.0	0.0	0.0	1.62493	0.0	0.731	2.56796	3.52541	4.37001	3.1581	4.13955	11.451939999999999	0.0	0.0	0.0	0.0	0.42686	0.8182699999999999	0.34309	0.0	0.62966	1.72363	2.14368	0.0	2.3892900000000004
s__Campylobacter_concisus	0.09315	0.0	0.10832	0.0	0.0	0.08684	0.0	0.0252	0.0	0.0	0.0	0.10182999999999999	0.06344	0.0	0.0	0.0	0.0	0.0	0.0	0.0	0.0	0.0	0.07315	0.0	0.0	0.0	0.06377999999999999	0.0	0.0	0.13335	0.10855	0.0	0.41175	0.0	0.0	0.0	0.16668	0.050519999999999995	0.0	0.0	0.0	0.0	0.0	0.0	0.0	0.0	0.0	0.62354	0.0	0.0	0.0	0.0	0.0	0.0	0.1553	0.0	0.09934	0.0	0.0	0.17431	0.0	0.0292	0.26287	0.8956299999999999	0.0	0.0	0.0	0.0	0.0	0.14599	0.44715	0.18469000000000002	0.28605	0.15026	0.16953	0.48422	0.18684	2.20799
s__Campylobacter_gracilis	0.0	0.0	0.0	0.0	0.0	0.0	0.0	0.0	0.0	0.0	0.0	0.023809999999999998	0.0	0.0	0.0	0.0	0.0	0.0	0.0	0.0	0.0	0.0	0.0	0.0	0.0	0.0	0.0	0.0	0.0	0.0	0.00885	0.0	0.0	0.0	0.0	0.0	0.0	0.0	0.0	0.0	0.0	0.0	0.0	0.0	0.0	0.0	0.0	0.0	0.0	0.0	0.0	0.0	0.0	0.0	0.0	0.0	0.0	0.0	0.0	0.0	0.0	0.0	0.0	0.04041	0.0	0.0	0.0	0.0	0.0	0.0	0.1657	0.0	0.0	0.0	0.0	0.0	0.0	0.0
s__Campylobacter_showae	0.34952	0.17639000000000002	1.1979	0.16224	0.48326	0.38944	0.11083	1.01993	0.0	0.0	0.0	0.00415	0.0	0.0	0.0	0.0	0.0	0.0	0.0	0.0	0.0	0.0	0.0	0.0	0.0	0.0	0.0	0.0	0.0	0.0	0.0	0.0	0.0	0.0	0.0	0.0	0.0	0.0	0.0	0.0	0.0	0.0	0.0	0.0	0.0	0.0	0.0	0.0	0.0	0.0	0.0	0.0	0.0	0.0	0.01704	0.0	0.0	0.0	0.0	0.0	0.0	0.0	0.0	0.0	0.0	0.0	0.0	0.0	0.0	0.0	0.0	0.0	0.0	0.0	0.0	0.0	0.0	0.0
s__Cardiobacterium_hominis	0.0	0.0	0.0	0.0	0.0	0.0	0.0	0.0	0.0	0.0	0.0	0.15784	0.0	0.0	0.0	0.0	0.0	0.0	0.0	0.0	0.0	0.0	0.0	0.0	0.0	0.0	0.0	0.0	0.0	0.0	0.11375	0.0	0.0	0.0	0.0	0.0	0.0	0.0	0.0	0.0	0.0	0.10907	0.0	0.0	0.0	0.0	0.0	0.0	0.0	0.0	0.0	0.0	0.0	0.0	0.0	0.0	0.17708	0.0	0.0	0.0	0.0	0.23281999999999997	0.0	0.0	0.0	0.0	0.0	0.0	0.0	0.0	0.0	0.0	0.0	0.0	0.0	0.0	0.0	0.0
s__Cardiobacterium_valvarum	0.0	0.0	0.0	0.0	0.0	0.0	0.0	0.0	0.0	0.0	0.0	0.0	0.0	0.0	0.0	0.0	0.0	0.0	0.0	0.0	0.0	0.0	0.0	0.0	0.0	0.0	0.0	0.0	0.0	0.0	0.02338	0.0	0.0	0.0	0.0	0.0	0.0	0.0	0.0	0.0	0.0	0.0	0.0	0.0	0.0	0.0	0.0	0.0	0.0	0.0	0.0	0.0	0.0	0.0	0.0	0.0	0.0	0.0	0.0	0.0	0.0	0.0	0.0	0.0	0.0	0.0	0.0	0.0	0.0	0.0	0.0	0.0	0.0	0.0	0.0	0.0	0.0	0.0
s__Escherichia_coli	0.0	0.0	0.0	0.0	0.0	0.0	0.0	0.0	0.0	0.0	0.0	0.0	0.0	0.0	0.0	0.0	0.0	0.0	0.0	0.0	0.0	0.0	0.0	0.0	0.0	0.0	0.0	0.0	0.0	0.0	0.0	0.0	0.0	0.0	0.0	0.0	0.0	0.0	0.0	0.0	0.0	0.0	0.0	0.0	0.0	0.0	0.0	0.0	0.0	0.0	0.0	0.0	0.0	0.0	0.0	0.0	0.0	0.0	0.0	0.0	0.0	0.0	0.0	0.0	0.0	0.0	0.0	0.0	0.0	0.0	0.0	0.0	0.0	0.0	0.0	0.0	0.55203	0.0
s__Escherichia_unclassified	0.0	0.0	0.0	0.0	0.0	0.0	0.0	0.0	0.0	0.0	0.0	0.0	0.0	0.0	0.0	0.0	0.0	0.0	0.0	0.0	0.0	0.0	0.0	0.0	0.0	0.0	0.0	0.0	0.0	0.0	0.0	0.0	0.0	0.0	0.0	0.0	0.0	0.0	0.0	0.0	0.0	0.0	0.0	0.0	0.0	0.0	0.0	0.0	0.0	0.0	0.0	0.0	0.0	0.0	0.0	0.0	0.0	0.0	0.0	0.0	0.0	0.0	0.0	0.0	0.0	0.0	0.0	0.0	0.0	0.0	0.0	0.0	0.0	0.0	0.0	0.0	1.7193	0.0
s__Klebsiella_oxytoca	0.0	0.0	0.0	0.0	0.0	0.0	0.0	0.0	0.0	0.0	0.0	0.0	0.0	0.0	0.0	0.0	0.0	0.0	0.0	0.0	0.0	0.0	0.0	0.0	0.0	0.0	0.0	0.0	0.0	0.0	0.0	0.0	0.0	0.0	0.0	0.0	0.0	0.0	0.0	0.0	0.0	0.0	0.0	0.0	0.0	0.0	0.0	0.0	0.0	0.0	0.0	0.0	0.0	0.0	0.0	0.0	0.0	0.0	0.0	0.0	0.0	0.0	0.0	0.0	0.0	0.0	0.0	0.0	0.0	0.0	0.0	0.0	0.0	0.0	0.0	0.0	0.9655100000000001	0.0
s__Klebsiella_unclassified	0.0	0.0	0.0	0.0	0.0	0.0	0.0	0.0	0.0	0.0	0.0	0.0	0.0	0.0	0.0	0.0	0.0	0.0	0.0	0.0	0.0	0.0	0.0	0.0	0.0	0.0	0.0	0.0	0.0	0.0	0.0	0.0	0.0	0.0	0.0	0.0	0.0	0.0	0.0	0.0	0.0	0.0	0.0	0.0	0.0	0.0	0.0	0.0	0.0	0.0	0.0	0.0	0.0	0.0	0.0	0.0	0.0	0.0	0.0	0.0	0.0	0.0	0.0	0.0	0.0	0.0	0.0	0.0	0.0	0.0	0.0	0.0	0.0	0.0	0.0	0.0	0.97693	0.0
s__Actinobacillus_unclassified	0.11231	0.0	0.28986999999999996	0.52204	0.28462	0.10979000000000001	0.20642	0.0	0.0	0.0	0.54459	0.2137	0.31149	0.71958	0.0	0.0	0.0	0.0	0.0	0.0	0.0	0.0	0.0	0.0	0.0	0.0	0.0	0.0	0.0	0.0	0.11060999999999999	0.0	0.0	0.0	1.18084	0.0	0.26469000000000004	0.07	0.0	0.0	0.0	0.35459	0.0	0.0	1.3027	0.0	0.29048	0.0	0.0	0.0	0.0	0.0	0.0	0.0	0.0	0.0	0.12354000000000001	0.0	0.0	0.0	0.0	0.0	0.0	0.0	0.0	0.0	0.0	0.0	0.0	0.0	0.0	0.0	0.0	0.0	0.0	0.0	0.0	0.0
s__Aggregatibacter_aphrophilus	0.0	0.0	0.02713	0.0	0.0	0.0	0.0	0.0	0.82168	1.18223	1.16256	0.6160100000000001	0.1638	0.0	0.0	0.0	0.0	0.0	0.0	0.0	0.0	0.0	0.0	0.0	0.0	0.0	0.0	0.0	0.0	0.0	0.24855	0.0	0.0	0.0	0.0	0.0	0.12395	0.0	0.0	0.0	0.0	1.24681	0.78718	0.0	0.0	0.0	0.34491	0.0	0.35146	0.0	0.0	0.0	0.0	0.0	0.0	0.0	0.0	0.0	0.0	0.0	0.0	0.0	0.0	0.0	0.0	0.0	0.0	0.0	0.0	0.19535999999999998	0.18706	0.21134	0.24473000000000003	0.3283	0.41255	0.5199	0.37634	0.0
s__Aggregatibacter_segnis	0.0	0.0	0.0	0.04406	0.0	0.0	0.06409	0.0	0.26986	0.0	0.5807399999999999	0.1103	0.11219000000000001	0.0	0.0	0.0	0.0	0.0	0.0	0.0	0.0	0.0	0.0	0.0	0.0	0.0	0.0	0.0	0.0	0.0	0.10827	0.0	0.0	0.0	1.0293700000000001	0.0	0.024069999999999998	0.0	0.0	0.0	0.0	0.57436	0.0	0.0	0.0	0.0	0.06312999999999999	0.0	0.0	0.0	0.0	0.0	0.0	0.0	0.0	0.0	0.05417999999999999	0.0	0.0	0.0	0.0	0.55988	0.0	0.0	0.0	0.0	0.0	0.0	0.0	0.0	0.0	0.0	0.0	0.0	0.0	0.0	0.0	0.0
s__Aggregatibacter_unclassified	0.060289999999999996	0.0	0.06858	0.42057	0.06334	0.33466999999999997	0.0	0.0	0.57006	0.9294100000000001	0.0	0.06084	0.05732999999999999	0.3863	0.0	0.0	0.0	0.0	0.0	0.0	0.0	0.0	0.0	0.0	0.0	0.0	0.0	0.0	0.0	0.033710000000000004	0.10695	0.24785	0.0	1.41515	1.16143	0.0	0.0	0.0	0.0	0.0	0.0	0.0	0.26292	0.0	0.0	0.0	0.15546	0.0	0.0006	0.0	0.6843899999999999	0.0	0.0	0.0	0.0	0.97701	0.044160000000000005	0.0	0.0	0.0	0.0	0.0	0.0	0.0	0.0	0.0	0.0	0.0	0.0	0.0	0.0	0.01111	0.0	0.01832	0.01798	0.14042000000000002	0.0	0.0
s__Haemophilus_haemolyticus	0.77395	0.0	0.0055	0.29458	0.29216	0.06258999999999999	1.37505	0.22841	1.03865	1.6505	2.41175	0.13312000000000002	0.55303	1.9986400000000002	0.0	0.0	0.0	0.0	0.0	0.0	0.0	0.0	3.68969	0.0	0.0	0.0	1.18279	0.0	0.0	4.40726	0.5945600000000001	0.40048	0.0	1.74016	3.8569	0.71338	0.23872	0.06805	0.0	0.0	0.0	1.42865	0.84554	0.0	0.0	0.0	0.68991	0.0	1.4696	0.0	1.07899	0.0	0.0	0.0	0.77923	1.1405100000000001	0.0	0.0	0.0	0.0	0.0	0.0	0.0	0.0	0.0	0.0	0.0	0.0	0.0	1.4262700000000001	0.0	0.0	0.0	0.020030000000000003	0.0	0.0	0.0	2.0293200000000002
s__Haemophilus_influenzae	0.71297	0.0	0.0	0.01769	0.19910999999999998	0.04283	1.30698	0.02695	2.3902200000000002	0.87526	3.25834	0.0	0.7573300000000001	2.99115	0.0	0.0	0.0	0.0	0.0	0.0	0.0	0.0	3.65895	0.0	0.0	0.0	1.22356	0.44065	0.0	5.49634	0.78508	0.46653	0.0	2.96475	5.44486	0.0	0.18293	0.07178	0.0	0.0	0.0	1.72193	0.0	0.0	0.0	0.0	0.6080300000000001	0.0	1.29186	0.0	0.80997	0.0	0.0	0.0	0.51148	0.5877	0.0	0.0	0.0	0.0	0.0	0.0	0.0	0.0	0.0	0.0	0.0	0.0	0.0	1.22177	0.0	0.0	0.0	0.0	0.0	0.0	0.0	1.46495
s__Haemophilus_parahaemolyticus	0.0	0.0	0.0	0.0	0.35062	0.0	1.64304	0.0	0.22236	0.0	1.89115	0.62105	0.7759699999999999	1.73334	0.0	0.0	0.0	0.0	0.0	0.0	0.0	0.0	0.0	0.0	0.0	0.0	0.0	0.0	0.0	0.0	0.0	0.0	0.0	0.0	0.0	0.0	0.0	0.0	0.0	0.0	0.0	0.36172	0.0	0.0	0.0	1.8873099999999998	0.95826	0.0	1.85665	0.0	0.0	0.0	0.0	0.0	0.0	0.0	0.0	0.0	0.0	0.0	0.0	0.0	0.0	0.0	0.0	0.0	0.0	0.0	0.0	0.72824	0.0	0.0	0.0	0.0	0.0	0.0	0.0	0.70511
s__Haemophilus_parainfluenzae	5.9132	7.20262	7.2606	9.52646	5.03107	7.422289999999999	7.98389	14.0841	22.12702	27.700470000000003	22.704520000000002	25.2426	19.40319	21.9936	0.0	0.0	0.0	0.0	0.0	0.0	0.0	0.0	23.0264	10.27176	34.7606	10.075289999999999	9.978480000000001	45.942409999999995	0.0	41.9	11.11085	5.1258099999999995	12.087710000000001	13.02783	30.834770000000002	18.64667	11.113560000000001	26.551840000000002	15.11675	17.98568	2.98374	26.28073	22.90174	20.409779999999998	23.421889999999998	9.62066	31.940440000000002	3.9197	13.735170000000002	0.54355	43.32136	11.842410000000001	1.50672	2.1705	3.67334	10.05551	13.154810000000001	13.74591	6.6719	9.24858	5.83882	23.68833	8.18181	13.283520000000001	20.04226	3.9142099999999997	0.0	1.04809	0.0	15.48236	4.54357	12.59801	7.33057	12.67459	7.417389999999999	7.95862	8.19713	16.00809
s__Haemophilus_paraphrohaemolyticus	0.0	0.0	0.0	0.0	0.0	0.0	0.19802	0.0	0.0	0.0	0.27254	0.10099	0.10444	0.0	0.0	0.0	0.0	0.0	0.0	0.0	0.0	0.0	0.18809	0.0	0.0	0.0	0.0	0.0	0.0	0.03561	0.03904	0.0	0.0	0.0	0.3036	0.0	0.07200000000000001	0.0	0.0	0.0	0.0	2.3067900000000003	0.87608	0.0	0.0	0.67302	2.40958	0.0	3.38901	0.0	0.0	0.0	0.0	0.0	0.0	0.0	0.0	0.0	0.0	0.0	0.0	0.0	0.0	0.0	0.0	0.0	0.0	0.0	0.0	0.17931	0.0	0.0	0.0	0.0	0.0	0.0	0.0	0.0
s__Haemophilus_pittmaniae	0.0	0.0	0.2504	0.17212	0.053329999999999995	0.0	0.0	0.18747	0.0	0.0	0.0	0.0	0.0	0.0	0.0	0.0	0.0	0.0	0.0	0.0	0.0	0.0	0.0	0.0	0.0	0.0	0.0	0.0	0.0	0.0	0.0	0.0	0.0	0.0	0.0	0.0	0.036160000000000005	0.0	0.0	0.0	0.0	0.09658	0.0	0.0	1.57979	0.0	0.40746	0.0	0.0	0.0	0.0	0.0	0.0	0.0	0.0	0.0	0.0	0.0	0.0	0.0	0.0	0.0	0.0	0.0	0.0	0.0	0.0	0.0	0.0	0.0	0.0	0.0	0.0	0.0	0.0	0.0	0.0	0.0
s__Haemophilus_sputorum	2.18575	3.41183	8.90108	13.06537	10.41976	8.79688	9.44963	10.00405	8.006260000000001	1.2155	2.92619	2.36102	1.2278	4.56738	0.0	0.0	0.0	0.0	0.0	0.0	0.0	0.0	0.0	0.0	0.0	0.0	0.0	0.0	0.0	0.0	1.05706	0.44245	0.10202	0.059489999999999994	2.88163	0.0	0.90251	0.28103	0.0	0.0	0.0	0.0513	0.0	0.0	0.0	0.0	0.2159	0.0	0.0	0.0	0.0	0.0	0.0	0.0	0.0	0.0	1.46096	0.0	0.0	0.2893	0.0	0.68028	1.2488299999999999	0.33392	1.70718	0.0	0.0	0.0	0.0	0.0	0.0	0.0	0.0	0.0	0.0	0.0	0.0	0.0
s__Pseudomonas_unclassified	0.0	0.0	0.0	0.0	0.0	0.0	0.0	0.0	0.0	0.0	0.0	0.0	0.0	0.0	0.0	0.0	0.0	0.0	0.0	0.0	0.0	0.0	0.0	0.0	0.0	0.0	0.0	0.0	0.0	0.0	0.0	0.0	0.0	0.0	0.0	0.0	0.0	0.0	0.0	0.0	0.0	0.0	0.0	0.0	0.0	0.0	0.0	0.0	0.0	0.0	0.0	0.0	0.0	0.0	0.0	0.0	0.0	0.0	0.0	0.0	0.0	0.0	0.0	0.0	0.0	0.0	0.0	0.0	0.0	0.0	0.0	0.0	0.0	0.0	0.0	0.0	0.0	0.0
s__Treponema_denticola	0.0	0.0	0.024480000000000002	0.0	0.0	0.0	0.0	0.0	0.0	0.0	0.0	0.0	0.0	0.0	0.0	0.0	0.0	0.0	0.0	0.0	0.0	0.0	0.0	0.0	0.0	0.0	0.0	0.0	0.0	0.0	0.0	0.0	0.0	0.0	0.0	0.0	0.0	0.0	0.0	0.0	0.0	0.0	0.0	0.0	0.0	0.0	0.0	0.0	0.0	0.0	0.0	0.0	0.0	0.0	0.0	0.0	0.0	0.0	0.0	0.0	0.0	0.0	0.0	0.0	0.0	0.0	0.0	0.0	0.0	0.0	0.0	0.0	0.0	0.0	0.0	0.0	0.0	0.0
s__Treponema_lecithinolyticum	0.0	0.0	0.0	0.0	0.0	0.0	0.0	0.0	0.0	0.0	0.0	0.0	0.0	0.0	0.0	0.0	0.0	0.0	0.0	0.0	0.0	0.0	0.0	0.0	0.0	0.0	0.0	0.0	0.0	0.0	0.0	0.0	0.0	0.0	0.0	0.0	0.0	0.0	0.0	0.0	0.0	0.0	0.0	0.0	0.0	0.0	0.0	0.0	0.0	0.0	0.0	0.0	0.0	0.0	0.0	0.0	0.0	0.0	0.0	0.21933000000000002	0.0	0.0	0.0	0.0	0.0	0.0	0.0	0.0	0.0	0.0	0.0	0.0	0.0	0.0	0.0	0.0	0.0	0.0
s__Treponema_socranskii	0.0	0.0	0.00145	0.0	0.0	0.0	0.0	0.0	0.0	0.0	0.0	0.0	0.0	0.0	0.0	0.0	0.0	0.0	0.0	0.0	0.0	0.0	0.0	0.0	0.0	0.0	0.0	0.0	0.0	0.0	0.0	0.0	0.0	0.0	0.0	0.0	0.0	0.0	0.0	0.0	0.0	0.0	0.0	0.0	0.0	0.0	0.0	0.0	0.0	0.0	0.0	0.0	0.0	0.0	0.0	0.0	0.0	0.0	0.0	0.0	0.0	0.0	0.0	0.0	0.0	0.0	0.0	0.0	0.0	0.0	0.0	0.0	0.0	0.0	0.0	0.0	0.0	0.0
s__Human_herpesvirus_4	0.23356999999999997	0.0	0.056229999999999995	0.0	0.09982	0.08993999999999999	0.14561	0.0	0.0	0.0	0.0	0.0	0.0	0.0	0.0	0.0	0.0	0.0	0.0	0.0	0.0	0.0	0.0	0.0	0.0	0.0	0.0	0.0	0.0	0.0	0.0	0.0	0.0	0.0	0.0	0.0	0.0	0.0	0.0	0.0	0.0	0.0	0.0	0.0	0.0	0.0	0.0	0.0	0.0	0.0	0.0	0.0	0.0	0.0	0.0	0.0	0.0	0.0	0.0	0.0	0.0	0.0	0.0	0.0	0.0	0.0	0.0	0.0	0.0	0.0	0.0	0.0	0.0	0.0	0.0	0.0	0.0	0.0
s__Lymphocryptovirus_unclassified	0.0	0.0	0.0	0.0	0.0	0.0	0.0	0.0	0.0	0.0	0.0	0.0	0.0	0.0	0.0	0.0	0.0	0.0	0.0	0.0	0.0	0.0	0.0	0.0	0.0	0.0	0.0	0.0	0.0	0.0	0.0	0.0	0.0	0.0	0.0	0.0	0.0	0.0	0.2408	0.0	0.0	0.0	0.0	0.0	0.0	0.0	0.0	0.0	0.0	0.0	0.0	0.0	0.0	0.0	0.0	0.0	0.0	0.0	0.0	0.0	0.0	0.0	0.0	0.0	0.0	0.0	0.0	0.0	0.0	0.0	0.0	0.0	0.0	0.0	0.0	0.0	0.0	0.0
s__Human_herpesvirus_7	0.0	0.0	0.26946	0.0	0.0	0.0	0.0	0.0	0.0	0.0	0.0	0.0	0.0	0.0	0.0	0.0	0.0	0.0	0.0	0.0	0.0	0.0	0.0	0.0	0.0	0.0	0.0	0.0	0.0	0.0	0.0	0.0	0.0	0.0	0.0	0.0	0.0	0.0	0.0	0.0	0.0	0.0	0.0	0.0	0.0	0.0	0.0	0.0	0.0	0.0	0.0	0.0	0.0	0.0	0.0	0.0	0.0	0.0	0.0	0.0	0.0	0.0	0.0	0.0	0.0	0.0	0.0	0.0	0.0	0.0	0.0	0.0	0.26693	0.0	0.0	0.0	0.0	0.0
